0.021715402603149414 0
0.027929067611694336 0
0.03354287147521973 0
0.04175400733947754 1
0.047868967056274414 3
0.0533139705657959 5
0.06115365028381348 7
0.06633806228637695 9
0.07414555549621582 13
0.0803995132446289 16
0.08861780166625977 20
0.09411740303039551 23
0.10007977485656738 27
0.10567927360534668 29
0.11362981796264648 34
0.11964964866638184 38
0.1280670166015625 45
0.13380098342895508 49
0.13982868194580078 53
0.14547491073608398 56
0.1542036533355713 63
0.1604444980621338 67
0.1658000946044922 70
0.17192673683166504 75
0.17987799644470215 82
0.1854710578918457 85
0.19183659553527832 90
0.2000288963317871 98
0.20563817024230957 101
0.2117910385131836 105
0.21925640106201172 112
0.22466468811035156 117
0.23223638534545898 123
0.23852920532226562 128
0.24405264854431152 135
0.25241732597351074 139
0.258695125579834 144
0.2642178535461426 149
0.2717719078063965 154
0.281970739364624 165
0.29122281074523926 170
0.296478271484375 175
0.30260467529296875 180
0.311495304107666 187
0.316741943359375 192
0.3232877254486084 197
0.33119988441467285 203
0.3364684581756592 209
0.3424360752105713 213
0.3500351905822754 220
0.3556485176086426 223
0.3617851734161377 228
0.36800050735473633 235
0.37364983558654785 238
0.37969326972961426 242
0.3853416442871094 247
0.39143919944763184 251
0.3984546661376953 257
0.4039194583892822 260
0.40991878509521484 263
0.4155862331390381 265
0.4217362403869629 269
0.42795562744140625 272
0.43361616134643555 274
0.439655065536499 276
0.44528651237487793 278
0.45233154296875 280
0.458568811416626 281
0.4640944004058838 282
0.4702930450439453 282
0.47571587562561035 283
0.48188209533691406 283
0.48810291290283203 283
0.4938051700592041 282
0.5010411739349365 282
0.5063116550445557 281
0.512291669845581 280
0.5185363292694092 279
0.5240762233734131 278
0.5300519466400146 277
0.5356817245483398 276
0.5418119430541992 275
0.5480086803436279 273
0.5543210506439209 272
0.5605320930480957 271
0.5659098625183105 269
0.5720138549804688 268
0.5782163143157959 267
0.5838782787322998 266
0.5899326801300049 265
0.595571756362915 264
0.6024901866912842 263
0.6087064743041992 262
0.6143746376037598 261
0.6205959320068359 261
0.6259810924530029 260
0.6321070194244385 259
0.638310432434082 259
0.6437864303588867 259
0.6497845649719238 258
0.656062126159668 258
0.6621930599212646 257
0.6683979034423828 257
0.6740407943725586 257
0.6838586330413818 257
0.6898467540740967 257
0.695570707321167 257
0.702648401260376 257
0.7090580463409424 257
0.7145764827728271 257
0.7206156253814697 257
0.7259466648101807 257
0.7321782112121582 258
0.7383370399475098 258
0.7438151836395264 258
0.7497904300689697 258
0.7561631202697754 258
0.7622449398040771 258
0.768486738204956 258
0.7739894390106201 259
0.7799770832061768 259
0.785529613494873 259
0.7917830944061279 259
0.7979550361633301 259
0.8042995929718018 259
0.810469388961792 259
0.815786600112915 259
0.8219213485717773 259
0.8282153606414795 259
0.8336238861083984 259
0.8396413326263428 259
0.8454210758209229 259
0.8517107963562012 259
0.8586738109588623 259
0.8641443252563477 259
0.8703486919403076 259
0.8756818771362305 259
0.8817684650421143 259
0.8879127502441406 259
0.8932924270629883 259
0.899399995803833 259
0.9057364463806152 259
0.9120104312896729 259
0.9181578159332275 259
0.9236588478088379 259
0.9296860694885254 259
0.9352364540100098 259
0.941328763961792 259
0.946533203125 259
0.9524948596954346 259
0.9597184658050537 259
0.9652805328369141 259
0.9715480804443359 259
0.976750373840332 259
0.9826822280883789 259
0.9891157150268555 259
0.9943113327026367 259
1.0004658699035645 259
1.006648302078247 259
1.0125911235809326 259
1.019005537033081 259
1.024214267730713 259
1.0305442810058594 259
1.0358591079711914 259
1.0419137477874756 259
1.048086166381836 259
1.0535297393798828 259
1.0604283809661865 259
1.0657660961151123 259
1.0718603134155273 259
1.0819320678710938 259
1.088102102279663 259
1.0939052104949951 259
1.0998752117156982 259
1.1057500839233398 259
1.1126611232757568 259
1.1190459728240967 259
1.1242585182189941 259
1.1304192543029785 259
1.1357543468475342 259
1.1418180465698242 259
1.1479647159576416 259
1.1535720825195312 259
1.16587495803833 259
1.1760108470916748 259
1.1862998008728027 259
1.1923184394836426 259
1.198512077331543 259
1.206012487411499 259
1.2133913040161133 259
1.2214124202728271 259
1.2265973091125488 259
1.23341703414917 259
1.239417314529419 259
1.2447457313537598 259
1.2510156631469727 259
1.2561125755310059 259
1.2639007568359375 259
1.2698872089385986 259
1.2807583808898926 259
1.2887542247772217 259
1.2942218780517578 259
1.2998099327087402 259
1.3074848651885986 259
1.3147406578063965 259
1.3210413455963135 259
1.3282833099365234 259
1.334017038345337 259
1.3393080234527588 259
1.3453340530395508 259
1.3523194789886475 259
1.3583898544311523 259
1.3664624691009521 259
1.3719120025634766 259
1.3797516822814941 259
1.3852930068969727 259
1.3922359943389893 259
1.398447036743164 259
1.4038922786712646 259
1.4098255634307861 259
1.4153785705566406 259
1.421459436416626 259
1.4266412258148193 259
1.4326026439666748 259
1.4397764205932617 259
1.4452879428863525 259
1.4515209197998047 259
1.4567325115203857 259
1.4626665115356445 259
1.4691686630249023 259
1.4743802547454834 259
1.4841835498809814 259
1.4916777610778809 259
1.4974534511566162 259
1.5033886432647705 259
1.5094068050384521 259
1.515235424041748 259
1.5213336944580078 259
1.5265147686004639 259
1.5324211120605469 259
1.5386288166046143 259
1.5451538562774658 259
1.5512471199035645 259
1.5564475059509277 259
1.562377691268921 259
1.5685474872589111 259
1.575059175491333 259
1.5811505317687988 259
1.5863184928894043 259
1.593318223953247 259
1.5993919372558594 259
1.6047148704528809 259
1.6110351085662842 259
1.61617112159729 259
1.6223881244659424 259
1.6285572052001953 259
1.6342127323150635 259
1.6404314041137695 259
1.6466960906982422 259
1.6526458263397217 259
1.6590330600738525 259
1.6642303466796875 259
1.6704041957855225 259
1.6757211685180664 259
1.6817805767059326 259
1.687892198562622 259
1.694361686706543 259
1.700559139251709 259
1.7058649063110352 259
1.7119288444519043 259
1.7181243896484375 259
1.7235307693481445 259
1.7295417785644531 259
1.735081434249878 259
1.7411718368530273 259
1.7480709552764893 259
1.753720760345459 259
1.7596673965454102 259
1.7652254104614258 259
1.771315336227417 259
1.7765204906463623 259
1.7824161052703857 259
1.7886343002319336 259
1.7951979637145996 259
1.801304578781128 259
1.8064520359039307 259
1.8125476837158203 259
1.8187041282653809 259
1.8241534233093262 259
1.8303210735321045 259
1.8356399536132812 259
1.8417320251464844 259
1.848684549331665 259
1.8541462421417236 259
1.8600637912750244 259
1.8656136989593506 259
1.8719086647033691 259
1.8818087577819824 259
1.8879756927490234 259
1.8935418128967285 259
1.9007039070129395 259
1.9060490131378174 259
1.912309169769287 259
1.9184856414794922 259
1.9239187240600586 259
1.9298701286315918 259
1.9356091022491455 259
1.9416992664337158 259
1.9486758708953857 259
1.954148530960083 259
1.960416555404663 259
1.9657504558563232 259
1.971839427947998 259
1.9779777526855469 259
1.9833323955535889 259
1.9893324375152588 259
1.9950246810913086 259
2.0084176063537598 259
2.0141122341156006 259
2.0200557708740234 259
2.025768995285034 259
2.032008171081543 259
2.0381321907043457 259
2.043549060821533 259
2.051335334777832 259
2.056579113006592 259
2.0625109672546387 259
2.0686614513397217 259
2.074126958847046 259
2.0800652503967285 259
2.0857744216918945 259
2.0918774604797363 259
2.098015069961548 259
2.1041507720947266 259
2.110079526901245 259
2.1158158779144287 259
2.1219115257263184 259
2.1280627250671387 259
2.1335153579711914 259
2.1394736766815186 259
2.1452438831329346 259
2.1520657539367676 259
2.158257484436035 259
2.1636698246002197 259
2.169647455215454 259
2.1754565238952637 259
2.181558609008789 259
2.186753273010254 259
2.19267201423645 259
2.199047565460205 259
2.205435276031494 259
2.2115113735198975 259
2.2167062759399414 259
2.222623348236084 259
2.229001522064209 259
2.2345314025878906 259
2.2406516075134277 259
2.245971918106079 259
2.25205135345459 259
2.2592763900756836 259
2.2713239192962646 259
2.276541233062744 259
2.288054943084717 259
2.293757677078247 259
2.299724817276001 259
2.3062944412231445 259
2.3125762939453125 259
2.318739652633667 259
2.324235200881958 259
2.330418825149536 259
2.3357064723968506 259
2.3418021202087402 259
2.347929000854492 259
2.3535549640655518 259
2.360534191131592 259
2.3658456802368164 259
2.3719074726104736 259
2.3781282901763916 259
2.3835792541503906 259
2.389547109603882 259
2.3951096534729004 259
2.401346206665039 259
2.40828275680542 259
2.4139461517333984 259
2.4198925495147705 259
2.4254276752471924 259
2.431558847427368 259
2.436751365661621 259
2.442661762237549 259
2.4491357803344727 259
2.45432186126709 259
2.461573600769043 259
2.46698260307312 259
2.473072052001953 259
2.479283094406128 259
2.484647035598755 259
2.4907398223876953 259
2.4960427284240723 259
2.50211238861084 259
2.5092790126800537 259
2.514617681503296 259
2.5206451416015625 259
2.5259621143341064 259
2.532240629196167 259
2.5385231971740723 259
2.5439810752868652 259
2.5499439239501953 259
2.5555343627929688 259
2.562283515930176 259
2.568493604660034 259
2.5739355087280273 259
2.5798873901367188 259
2.585418701171875 259
2.591675043106079 259
2.5974318981170654 259
2.6030046939849854 259
2.609959363937378 259
2.615530014038086 259
2.6216213703155518 259
2.627432107925415 259
2.632758617401123 259
2.6391489505767822 259
2.644406795501709 259
2.6507208347320557 259
2.65605092048645 259
2.663429021835327 259
2.669454336166382 259
2.674988031387329 259
2.684675931930542 259
2.6911463737487793 259
2.6963422298431396 259
2.702423095703125 259
2.7086215019226074 259
2.7155046463012695 259
2.7216005325317383 259
2.7273271083831787 259
2.732701063156128 259
2.739116907119751 259
2.7443177700042725 259
2.750450849533081 259
2.755751371383667 259
2.7626097202301025 259
2.7690021991729736 259
2.774404525756836 259
2.780568838119507 259
2.78584885597229 259
2.792056083679199 259
2.798206329345703 259
2.8036277294158936 259
2.8096587657928467 259
2.8160572052001953 259
2.8221073150634766 259
2.828253746032715 259
2.8339011669158936 259
2.839853286743164 259
2.8453938961029053 259
2.851492166519165 259
2.8566887378692627 259
2.8639042377471924 259
2.8698744773864746 259
2.8754208087921143 259
2.881519317626953 259
2.8867251873016357 259
2.8930349349975586 259
2.8992583751678467 259
2.904597759246826 259
2.910578727722168 259
2.9173505306243896 259
2.9232020378112793 259
2.9293200969696045 259
2.934659481048584 259
2.940685272216797 259
2.945990800857544 259
2.952195644378662 259
2.9583613872528076 259
2.9646832942962646 259
2.9709885120391846 259
2.9760854244232178 259
2.98215389251709 259
2.9883155822753906 259
2.9937591552734375 259
2.9997174739837646 259
3.0052549839019775 259
3.0115249156951904 259
3.018517255783081 259
3.023984432220459 259
3.0299577713012695 259
3.0355401039123535 259
3.041619062423706 259
3.0474109649658203 259
3.0533299446105957 259
3.05936336517334 259
3.064678907394409 259
3.071885108947754 259
3.07804536819458 259
3.0878612995147705 259
3.0933868885040283 259
3.0994324684143066 259
3.105189085006714 259
3.111403703689575 259
3.118323802947998 259
3.1237895488739014 259
3.129786729812622 259
3.1355035305023193 259
3.1416053771972656 259
3.1473236083984375 259
3.1526811122894287 259
3.159100294113159 259
3.164301633834839 259
3.1715569496154785 259
3.176748037338257 259
3.183040142059326 259
3.189162492752075 259
3.1946771144866943 259
3.200978994369507 259
3.2060739994049072 259
3.2121448516845703 259
3.219248056411743 259
3.224621295928955 259
3.230593681335449 259
3.2359066009521484 259
3.241952896118164 259
3.248115301132202 259
3.2537477016448975 259
3.2597498893737793 259
3.2652804851531982 259
3.2720324993133545 259
3.2781519889831543 259
3.283701181411743 259
3.29052734375 259
3.295820951461792 259
3.30190110206604 259
3.308011054992676 259
3.3136587142944336 259
3.3206372261047363 259
3.325984477996826 259
3.332043409347534 259
3.338197708129883 259
3.343632936477661 259
3.3496217727661133 259
3.3551487922668457 259
3.361191749572754 259
3.366415023803711 259
3.3735780715942383 259
3.3795971870422363 259
3.3851568698883057 259
3.3912158012390137 259
3.396425247192383 259
3.402336359024048 259
3.4085237979888916 259
3.4139790534973145 259
3.4199376106262207 259
3.426447868347168 259
3.4325408935546875 259
3.438715696334839 259
3.4443092346191406 259
3.4504568576812744 259
3.455767869949341 259
3.4618520736694336 259
3.4680020809173584 259
3.4742727279663086 259
3.4804317951202393 259
3.4906845092773438 259
3.496011257171631 259
3.502244234085083 259
3.5084216594696045 259
3.5140514373779297 259
3.5200021266937256 259
3.526491165161133 259
3.5324196815490723 259
3.5386242866516113 259
3.544060707092285 259
3.549987554550171 259
3.555713653564453 259
3.5618104934692383 259
3.567976474761963 259
3.574235677719116 259
3.5803983211517334 259
3.5857510566711426 259
3.591876268386841 259
3.5980019569396973 259
3.6033730506896973 259
3.6093995571136475 259
3.6151208877563477 259
3.6211655139923096 259
3.6281111240386963 259
3.633539915084839 259
3.639523506164551 259
3.6450705528259277 259
3.6511871814727783 259
3.656409502029419 259
3.662339448928833 259
3.668504238128662 259
3.6741466522216797 259
3.681333303451538 259
3.6864984035491943 259
3.692430257797241 259
3.698631763458252 259
3.704258918762207 259
3.710437059402466 259
3.715747833251953 259
3.72186017036438 259
3.7290477752685547 259
3.734429121017456 259
3.7405827045440674 259
3.7459018230438232 259
3.7519371509552 259
3.7581214904785156 259
3.7635507583618164 259
3.76954984664917 259
3.7750661373138428 259
3.7818222045898438 259
3.7879741191864014 259
3.7935657501220703 259
3.7995717525482178 259
3.805098056793213 259
3.8112168312072754 259
3.816425323486328 259
3.822331428527832 259
3.829418659210205 259
3.8351433277130127 259
3.841174364089966 259
3.846407890319824 259
3.852454900741577 259
3.8586578369140625 259
3.864128828048706 259
3.8700687885284424 259
3.875603437423706 259
3.8824551105499268 259
3.8925204277038574 259
3.8986806869506836 259
3.9042787551879883 259
3.9106807708740234 259
3.916015386581421 259
3.9220757484436035 259
3.9282307624816895 259
3.9345903396606445 259
3.9405813217163086 259
3.9459025859832764 259
3.9519453048706055 259
3.9580957889556885 259
3.963712215423584 259
3.969648599624634 259
3.9753811359405518 259
3.9822933673858643 259
3.988471269607544 259
3.99387788772583 259
3.9998018741607666 259
4.005350351333618 259
4.011427879333496 259
4.016592502593994 259
4.022531747817993 259
4.028662443161011 259
4.035423994064331 259
4.041508674621582 259
4.04672646522522 259
4.052644491195679 259
4.059015274047852 259
4.064188003540039 259
4.0703558921813965 259
4.07567024230957 259
4.083452939987183 259
4.0894763469696045 259
4.095229625701904 259
4.101311445236206 259
4.106482028961182 259
4.112399339675903 259
4.118558883666992 259
4.124055624008179 259
4.1300132274627686 259
4.1365344524383545 259
4.142456531524658 259
4.148643255233765 259
4.1542747020721436 259
4.160407304763794 259
4.165722370147705 259
4.171771764755249 259
4.177876949310303 259
4.1840980052948 259
4.190063238143921 259
4.195587396621704 259
4.201688289642334 259
4.2074360847473145 259
4.2133424282073975 259
4.219367504119873 259
4.225050449371338 259
4.231157064437866 259
4.238043785095215 259
4.24341082572937 259
4.249417304992676 259
4.254716634750366 259
4.261012077331543 259
4.2684996128082275 259
4.274137735366821 259
4.280058145523071 259
4.291884422302246 259
4.298007011413574 259
4.3036110401153564 259
4.309561014175415 259
4.31855320930481 259
4.330004453659058 259
4.335852146148682 259
4.342645168304443 259
4.349043130874634 259
4.354400396347046 259
4.360594034194946 259
4.365890979766846 259
4.371962308883667 259
4.378119468688965 259
4.3835248947143555 259
4.390724420547485 259
4.396017789840698 259
4.402084112167358 259
4.408233165740967 259
4.41364049911499 259
4.419671058654785 259
4.42521595954895 259
4.431292295455933 259
4.436483383178711 259
4.443670034408569 259
4.4496519565582275 259
4.455379009246826 259
4.461437463760376 259
4.466616868972778 259
4.472536563873291 259
4.478698968887329 259
4.484306573867798 259
4.496748685836792 259
4.502683162689209 259
4.509081125259399 259
4.514529228210449 259
4.5205652713775635 259
4.525921583175659 259
4.531954765319824 259
4.538156032562256 259
4.544366121292114 259
4.550568342208862 259
4.555878639221191 259
4.561931371688843 259
4.5681352615356445 259
4.573715686798096 259
4.579663038253784 259
4.585224866867065 259
4.591335773468018 259
4.598334312438965 259
4.603779077529907 259
4.609755277633667 259
4.61542820930481 259
4.6214985847473145 259
4.6266937255859375 259
4.633033514022827 259
4.639181613922119 259
4.64557957649231 259
4.6517014503479 259
4.657839775085449 259
4.663069725036621 259
4.669256925582886 259
4.67457127571106 259
4.68059229850769 259
4.685909748077393 259
4.697918653488159 259
4.703531980514526 259
4.709519863128662 259
4.715307235717773 259
4.721505880355835 259
4.726696968078613 259
4.732640504837036 259
4.739028692245483 259
4.745563268661499 259
4.75190281867981 259
4.758046388626099 259
4.763405799865723 259
4.769425630569458 259
4.774749517440796 259
4.781116247177124 259
4.7861597537994385 259
4.792283058166504 259
4.799516916275024 259
4.8050172328948975 259
4.811314105987549 259
4.816499710083008 259
4.822403430938721 259
4.828575611114502 259
4.834052562713623 259
4.8400046825408936 259
4.8464460372924805 259
4.8524253368377686 259
4.858637094497681 259
4.864074945449829 259
4.870024681091309 259
4.875750303268433 259
4.881835222244263 259
4.88796591758728 259
4.893320560455322 259
4.900367021560669 259
4.905661344528198 259
4.911728858947754 259
4.917854309082031 259
4.923043966293335 259
4.9292192459106445 259
4.935007572174072 259
4.941092014312744 259
4.946134090423584 259
4.953333616256714 259
4.95944356918335 259
4.964956760406494 259
4.971039772033691 259
4.97611927986145 259
4.982175588607788 259
4.98832368850708 259
4.993916273117065 259
5.0012733936309814 259
5.006462812423706 259
5.0123865604400635 259
5.018572807312012 259
5.02400541305542 259
5.029992580413818 259
5.035552501678467 259
5.041638135910034 259
5.047403812408447 259
5.054079294204712 259
5.060023307800293 259
5.065567255020142 259
5.071636438369751 259
5.077345371246338 259
5.082995653152466 259
5.09253191947937 259
5.0986738204956055 259
5.105377674102783 259
5.111763000488281 259
5.117879390716553 259
5.123428583145142 259
5.12942910194397 259
5.135110139846802 259
5.141294717788696 259
5.146472930908203 259
5.153583288192749 259
5.159552574157715 259
5.165063858032227 259
5.171339750289917 259
5.176527738571167 259
5.182433605194092 259
5.188610076904297 259
5.194043159484863 259
5.199998617172241 259
5.206461668014526 259
5.212384939193726 259
5.218552589416504 259
5.224027633666992 259
5.230000257492065 259
5.235690355300903 259
5.241774320602417 259
5.247913599014282 259
5.254257917404175 259
5.260605573654175 259
5.265945672988892 259
5.272592782974243 259
5.279028415679932 259
5.284293174743652 259
5.291579723358154 259
5.296995162963867 259
5.303972005844116 259
5.3099305629730225 259
5.315480470657349 259
5.321575403213501 259
5.326996803283691 259
5.3326640129089355 259
5.339071750640869 259
5.34428858757019 259
5.350610256195068 259
5.3569982051849365 259
5.3626720905303955 259
5.369068384170532 259
5.374250173568726 259
5.380425930023193 259
5.385734558105469 259
5.392008304595947 259
5.398153305053711 259
5.403658151626587 259
5.411014080047607 259
5.4161059856414795 259
5.422173023223877 259
5.428324222564697 259
5.433786153793335 259
5.439784288406372 259
5.445324420928955 259
5.451411247253418 259
5.458293437957764 259
5.463714361190796 259
5.469694375991821 259
5.475387334823608 259
5.481463193893433 259
5.4866416454315186 259
5.496413946151733 259
5.502444505691528 259
5.509648084640503 259
5.515416622161865 259
5.521746873855591 259
5.527875661849976 259
5.53344202041626 259
5.53947639465332 259
5.545039176940918 259
5.551158428192139 259
5.558095216751099 259
5.563531160354614 259
5.569511890411377 259
5.574991226196289 259
5.581034183502197 259
5.586132764816284 259
5.592385530471802 259
5.59851336479187 259
5.603952646255493 259
5.611005067825317 259
5.616111516952515 259
5.62217378616333 259
5.628293037414551 259
5.633713722229004 259
5.639646053314209 259
5.6451897621154785 259
5.6514973640441895 259
5.656705856323242 259
5.663862466812134 259
5.669828176498413 259
5.6754114627838135 259
5.681536436080933 259
5.686724662780762 259
5.692666053771973 259
5.6990344524383545 259
5.704233646392822 259
5.711625576019287 259
5.7173707485198975 259
5.722730398178101 259
5.729110479354858 259
5.734292984008789 259
5.740463495254517 259
5.745774030685425 259
5.751873016357422 259
5.757990121841431 259
5.7642669677734375 259
5.770586729049683 259
5.775906801223755 259
5.782069206237793 259
5.788250923156738 259
5.79367208480835 259
5.799647331237793 259
5.805168867111206 259
5.811994791030884 259
5.818125247955322 259
5.8235461711883545 259
5.829562664031982 259
5.835278749465942 259
5.841361045837402 259
5.846544027328491 259
5.852437257766724 259
5.858660936355591 259
5.865270376205444 259
5.871316194534302 259
5.876529216766357 259
5.882457971572876 259
5.88868260383606 259
5.898668050765991 259
5.904289722442627 259
5.910715579986572 259
5.917927026748657 259
5.923445224761963 259
5.929449081420898 259
5.934960126876831 259
5.941006422042847 259
5.946104526519775 259
5.952325105667114 259
5.9584996700286865 259
5.965090036392212 259
5.971167087554932 259
5.976399660110474 259
5.982320785522461 259
5.988494634628296 259
5.993991851806641 259
5.999924182891846 259
6.005446672439575 259
6.0116965770721436 259
6.01867413520813 259
6.024124622344971 259
6.030062437057495 259
6.035618543624878 259
6.041874408721924 259
6.0479981899261475 259
6.053391933441162 259
6.059396028518677 259
6.065866231918335 259
6.072106838226318 259
6.078251838684082 259
6.083682298660278 259
6.089650630950928 259
6.095204830169678 259
6.101325273513794 259
6.106489181518555 259
6.112402677536011 259
6.119673252105713 259
6.125207424163818 259
6.131507396697998 259
6.13670015335083 259
6.142648935317993 259
6.149045705795288 259
6.154228687286377 259
6.160391807556152 259
6.165704011917114 259
6.172671794891357 259
6.1790549755096436 259
6.184239625930786 259
6.1905717849731445 259
6.195907354354858 259
6.201972007751465 259
6.208134889602661 259
6.213556528091431 259
6.220503330230713 259
6.225799083709717 259
6.231903553009033 259
6.238019943237305 259
6.2433922290802 259
6.249431133270264 259
6.255135536193848 259
6.261192798614502 259
6.266394138336182 259
6.279082775115967 259
6.284386396408081 259
6.294039726257324 259
6.299397706985474 259
6.306011438369751 259
6.318308115005493 259
6.323949813842773 259
6.329900503158569 259
6.336671829223633 259
6.342188835144043 259
6.3479697704315186 259
6.35569429397583 259
6.362688302993774 259
6.369125604629517 259
6.375783681869507 259
6.3839757442474365 259
6.389954090118408 259
6.395480155944824 259
6.4015913009643555 259
6.406991720199585 259
6.4126739501953125 259
6.4190521240234375 259
6.424285173416138 259
6.430601358413696 259
6.437414884567261 259
6.442754030227661 259
6.449125528335571 259
6.4543232917785645 259
6.46047830581665 259
6.465773582458496 259
6.4718263149261475 259
6.477975606918335 259
6.484076976776123 259
6.490057706832886 259
6.498117685317993 259
6.50353479385376 259
6.509485960006714 259
6.515040397644043 259
6.521105527877808 259
6.526157379150391 259
6.532230377197266 259
6.539433717727661 259
6.544994354248047 259
6.551260709762573 259
6.556438446044922 259
6.562533617019653 259
6.568686008453369 259
6.574173927307129 259
6.580400228500366 259
6.586581707000732 259
6.593554258346558 259
6.59954571723938 259
6.605095624923706 259
6.611354112625122 259
6.616541862487793 259
6.622451543807983 259
6.628635883331299 259
6.634116172790527 259
6.641313314437866 259
6.646552324295044 259
6.652470827102661 259
6.658647775650024 259
6.664132356643677 259
6.670077800750732 259
6.675770282745361 259
6.681849002838135 259
6.689039945602417 259
6.699115991592407 259
6.704571008682251 259
6.710758686065674 259
6.71604585647583 259
6.7222959995269775 259
6.7284955978393555 259
6.734102010726929 259
6.741244077682495 259
6.746442794799805 259
6.758538722991943 259
6.764039754867554 259
6.769996166229248 259
6.775542497634888 259
6.781625509262085 259
6.7873828411102295 259
6.794130086898804 259
6.800045967102051 259
6.805601596832275 259
6.811725616455078 259
6.817850828170776 259
6.8233771324157715 259
6.829403877258301 259
6.834705352783203 259
6.841845750808716 259
6.847980499267578 259
6.853579521179199 259
6.859625577926636 259
6.86517071723938 259
6.871256351470947 259
6.876435995101929 259
6.882362127304077 259
6.888527154922485 259
6.8950889110565186 259
6.9011921882629395 259
6.9064061641693115 259
6.912524938583374 259
6.918665647506714 259
6.924103498458862 259
6.9300453662872314 259
6.935589790344238 259
6.9423668384552 259
6.948524236679077 259
6.954115390777588 259
6.96007776260376 259
6.9655985832214355 259
6.9718828201293945 259
6.978024244308472 259
6.9833948612213135 259
6.98941969871521 259
6.995704650878906 259
7.001780271530151 259
