0.021541595458984375 0
0.02780914306640625 0
0.033449649810791016 1
0.039882659912109375 2
0.04841804504394531 3
0.05363893508911133 5
0.05997133255004883 7
0.06790423393249512 10
0.07340431213378906 13
0.07992959022521973 15
0.08841514587402344 20
0.09363937377929688 23
0.09990739822387695 27
0.10528254508972168 30
0.11436295509338379 35
0.1207723617553711 39
0.12767410278320312 44
0.135087251663208 49
0.14136242866516113 53
0.14761090278625488 58
0.1531517505645752 64
0.16141033172607422 68
0.1676321029663086 73
0.17317557334899902 77
0.18717646598815918 86
0.19296574592590332 91
0.1990358829498291 97
0.20749616622924805 103
0.2131938934326172 107
0.2191927433013916 113
0.2276759147644043 119
0.233231782913208 123
0.23929119110107422 128
0.24492692947387695 131
0.2526416778564453 138
0.2605612277984619 145
0.26587462425231934 149
0.2718994617462158 154
0.28067469596862793 161
0.2859210968017578 166
0.29193544387817383 171
0.2997312545776367 177
0.3051128387451172 182
0.3128840923309326 187
0.3189678192138672 193
0.32720375061035156 200
0.3328890800476074 203
0.3389565944671631 209
0.34455251693725586 213
0.3507080078125 218
0.35599565505981445 223
0.3619871139526367 229
0.3685133457183838 233
0.3738999366760254 238
0.3812437057495117 245
0.387448787689209 250
0.3929409980773926 253
0.3989987373352051 260
0.40462827682495117 263
0.41083693504333496 268
0.4167032241821289 272
0.42247819900512695 276
0.4292895793914795 280
0.4349074363708496 282
0.44121384620666504 285
0.44747209548950195 287
0.45296597480773926 288
0.4589841365814209 289
0.4645872116088867 290
0.47075676918029785 290
0.4766075611114502 290
0.48331356048583984 289
0.48932719230651855 288
0.49500250816345215 287
0.5013158321380615 285
0.5075678825378418 283
0.5132842063903809 281
0.5192844867706299 279
0.5249056816101074 277
0.5317952632904053 273
0.5382652282714844 269
0.5435540676116943 266
0.5498156547546387 263
0.5552401542663574 259
0.561586856842041 256
0.5678958892822266 253
0.5734179019927979 251
0.5847218036651611 247
0.5910303592681885 246
0.5972690582275391 244
0.6028857231140137 244
0.6088874340057373 244
0.6146399974822998 244
0.6210052967071533 245
0.6272280216217041 246
0.6334831714630127 248
0.6398520469665527 250
0.6452195644378662 252
0.6513574123382568 255
0.6576328277587891 257
0.6631736755371094 259
0.6692016124725342 262
0.6748454570770264 263
0.6819608211517334 266
0.6885106563568115 268
0.6939582824707031 269
0.7003579139709473 270
0.7056601047515869 271
0.7116415500640869 271
0.7178952693939209 271
0.7234206199645996 270
0.7296392917633057 269
0.7359440326690674 267
0.7424592971801758 266
0.7486615180969238 264
0.7543094158172607 262
0.7604727745056152 260
0.765751838684082 258
0.7718958854675293 257
0.7783651351928711 255
0.7846653461456299 254
0.7908365726470947 253
0.7966296672821045 253
0.8026013374328613 253
0.8087210655212402 253
0.8142988681793213 253
0.8206007480621338 254
0.8258676528930664 255
0.8318898677825928 257
0.8391749858856201 259
0.8448073863983154 259
0.8509962558746338 261
0.8572132587432861 262
0.8628730773925781 263
0.8689446449279785 264
0.8745517730712891 265
0.8807070255279541 265
0.887749433517456 265
0.893254280090332 265
0.8992879390716553 265
0.9050619602203369 264
0.9112560749053955 263
0.9174649715423584 263
0.9231598377227783 261
0.929224967956543 261
0.9356939792633057 260
0.9416923522949219 259
0.9479045867919922 258
0.953416109085083 257
0.9597110748291016 257
0.9650840759277344 257
0.9712028503417969 257
0.9774143695831299 257
0.9888319969177246 257
0.9946727752685547 258
1.0010032653808594 258
1.0072150230407715 259
1.012821912765503 259
1.0188822746276855 260
1.0244488716125488 261
1.0307657718658447 261
1.037684440612793 261
1.043365478515625 262
1.0497088432312012 262
1.0550880432128906 262
1.06121826171875 262
1.067415714263916 261
1.0729403495788574 261
1.0789976119995117 261
1.0845520496368408 261
1.0914530754089355 261
1.0976593494415283 260
1.1033220291137695 260
1.1093285083770752 259
1.1150217056274414 259
1.1215846538543701 259
1.129044771194458 259
1.134631633758545 259
1.1414334774017334 259
1.1476686000823975 259
1.153136968612671 259
1.1591346263885498 259
1.1649341583251953 259
1.1710445880889893 260
1.1772029399871826 260
1.1825916767120361 260
1.188662052154541 261
1.1951236724853516 261
1.2012112140655518 261
1.2074196338653564 261
1.2128987312316895 261
1.2189414501190186 260
1.2247157096862793 260
1.230830192565918 260
1.2362382411956787 260
1.2431690692901611 259
1.2491955757141113 259
1.2548348903656006 259
1.2609620094299316 259
1.267129898071289 260
1.2725865840911865 260
1.2786481380462646 260
1.2844164371490479 260
1.291435718536377 260
1.2976830005645752 260
1.3031418323516846 260
1.3091230392456055 260
1.314746618270874 260
1.3208792209625244 260
1.3266310691833496 260
1.3320038318634033 260
1.3384251594543457 260
1.3450255393981934 260
1.3511383533477783 260
1.3572590351104736 260
1.3626458644866943 260
1.36869215965271 260
1.3742823600769043 260
1.3843677043914795 260
1.3906254768371582 260
1.3976776599884033 260
1.403395652770996 260
1.4096918106079102 260
1.4150550365447998 260
1.4213268756866455 260
1.4275028705596924 260
1.432964563369751 260
1.4390575885772705 260
1.4453976154327393 260
1.4515149593353271 260
1.4577312469482422 260
1.4633526802062988 260
1.4695429801940918 260
1.4748728275299072 260
1.4810173511505127 260
1.4871644973754883 260
1.4926121234893799 260
1.4996328353881836 260
1.505007028579712 260
1.5111141204833984 260
1.5172574520111084 260
1.5228960514068604 260
1.5289058685302734 260
1.534471035003662 260
1.5405690670013428 260
1.5474274158477783 260
1.5530900955200195 260
1.559049129486084 260
1.5645992755889893 260
1.5706918239593506 260
1.575897455215454 260
1.5819690227508545 260
1.5884251594543457 260
1.5935909748077393 260
1.6008667945861816 260
1.606637716293335 260
1.6120014190673828 260
1.6184141635894775 260
1.623626947402954 260
1.6298205852508545 260
1.6351277828216553 260
1.641411304473877 260
1.6486239433288574 260
1.6539769172668457 260
1.660280704498291 260
1.6653637886047363 260
1.6715054512023926 260
1.677734375 260
1.6833679676055908 260
1.689319133758545 260
1.6949212551116943 260
1.7018311023712158 260
1.7082815170288086 260
1.7135374546051025 260
1.7197163105010986 260
1.7250289916992188 260
1.7311537265777588 260
1.7373650074005127 260
1.7428038120269775 260
1.7497889995574951 260
1.7551496028900146 260
1.7613613605499268 260
1.7675511837005615 260
1.773057460784912 260
1.7790544033050537 260
1.788956642150879 260
1.7946481704711914 260
1.801668643951416 260
1.8078863620758057 260
1.813603162765503 260
1.819948434829712 260
1.8253133296966553 260
1.8313844203948975 260
1.8375413417816162 260
1.842972755432129 260
1.84989595413208 260
1.8552916049957275 260
1.8613660335540771 260
1.8675382137298584 260
1.8730323314666748 260
1.8790240287780762 260
1.8847639560699463 260
1.8908753395080566 260
1.8966302871704102 260
1.9032928943634033 260
1.9092602729797363 260
1.9148609638214111 260
1.9209887981414795 260
1.9271256923675537 260
1.932546615600586 260
1.9386851787567139 260
1.9444620609283447 260
1.9513342380523682 260
1.957566738128662 260
1.963033676147461 260
1.9690289497375488 260
1.9746286869049072 260
1.9807484149932861 260
1.985966444015503 260
1.9919061660766602 260
1.998307228088379 260
2.005746364593506 260
2.0116803646087646 260
2.0178890228271484 260
2.023350715637207 260
2.02931809425354 260
2.034951686859131 260
2.0410401821136475 260
2.04736328125 260
2.0534701347351074 260
2.0598528385162354 260
2.065230131149292 260
2.071502685546875 260
2.077728271484375 260
2.083179235458374 260
2.089155673980713 260
2.094748020172119 260
2.100834369659424 260
2.1077847480773926 260
2.113290309906006 260
2.119265556335449 260
2.1327879428863525 260
2.1413767337799072 260
2.1509764194488525 260
2.1579971313476562 260
2.1634654998779297 260
2.1716549396514893 260
2.177887201309204 260
2.187906503677368 260
2.196697950363159 260
2.2028636932373047 260
2.210282564163208 260
2.2153828144073486 260
2.223270893096924 260
2.2292749881744385 260
2.2377657890319824 260
2.2434520721435547 260
2.2496395111083984 260
2.254977226257324 260
2.2632739543914795 260
2.277350902557373 260
2.282864809036255 260
2.2903902530670166 260
2.295612335205078 260
2.3047897815704346 260
2.3139476776123047 260
2.328002691268921 260
2.333658218383789 260
2.339857578277588 260
2.3452346324920654 260
2.3513572216033936 260
2.357545852661133 260
2.367276430130005 260
2.3726935386657715 260
2.378741979598999 260
2.3859055042266846 260
2.3918771743774414 260
2.398400068283081 260
2.403590440750122 260
2.4136111736297607 260
2.420471668243408 260
2.428403377532959 260
2.433603525161743 260
2.4398365020751953 260
2.4477574825286865 260
2.4532699584960938 260
2.460602045059204 260
2.471531629562378 260
2.4779531955718994 260
2.4859678745269775 260
2.4924142360687256 260
2.498537540435791 260
2.514620065689087 260
2.5219078063964844 260
2.5283825397491455 260
2.5374672412872314 260
2.5447678565979004 260
2.5510611534118652 260
2.5619688034057617 260
2.568450450897217 260
2.5739905834198 260
2.588998556137085 260
2.5975701808929443 260
2.6033272743225098 260
2.610903739929199 260
2.617931365966797 260
2.62576961517334 260
2.6317529678344727 260
2.6379430294036865 260
2.647116184234619 260
2.6524195671081543 260
2.6606297492980957 260
2.6675426959991455 260
2.6730175018310547 260
2.679018020629883 260
2.684570074081421 260
2.69064998626709 260
2.6958847045898438 260
2.7018439769744873 260
2.708294630050659 260
2.7147107124328613 260
2.7210206985473633 260
2.727213144302368 260
2.7325775623321533 260
2.7386057376861572 260
2.743959665298462 260
2.7502737045288086 260
2.7553789615631104 260
2.7614595890045166 260
2.768686532974243 260
2.7742528915405273 260
2.7805097103118896 260
2.785745143890381 260
2.791703701019287 260
2.7978992462158203 260
2.803375720977783 260
2.809324264526367 260
2.815850257873535 260
2.821812391281128 260
2.827979803085327 260
2.8334405422210693 260
2.839827299118042 260
2.8451876640319824 260
2.851457357406616 260
2.8576273918151855 260
2.86309814453125 260
2.870317220687866 260
2.8754079341888428 260
2.881535053253174 260
2.88775372505188 260
2.893237352371216 260
2.8992104530334473 260
2.904982089996338 260
2.9110770225524902 260
2.9197123050689697 260
2.9251277446746826 260
2.9311811923980713 260
2.937375783920288 260
2.9428107738494873 260
2.9488046169281006 260
2.9543724060058594 260
2.9606847763061523 260
2.965930938720703 260
2.9731040000915527 260
2.979107141494751 260
2.9874210357666016 260
2.994716167449951 260
3.001025676727295 260
3.0071730613708496 260
3.0127718448638916 260
3.0198278427124023 260
3.025195598602295 260
3.0312676429748535 260
3.0374112129211426 260
3.042851448059082 260
3.048844337463379 260
3.054412364959717 260
3.0604898929595947 260
3.065706729888916 260
3.0729663372039795 260
3.078916549682617 260
3.0846540927886963 260
3.090790033340454 260
3.096010446548462 260
3.1019370555877686 260
3.1083686351776123 260
3.113892078399658 260
3.121011257171631 260
3.127885341644287 260
3.1333556175231934 260
3.1393165588378906 260
3.1450536251068115 260
3.1511847972869873 260
3.157360076904297 260
3.1627795696258545 260
3.1687989234924316 260
3.1752240657806396 260
3.181317090988159 260
3.1874923706054688 260
3.1929445266723633 260
3.198902130126953 260
3.2046315670013428 260
3.210747003555298 260
3.2159574031829834 260
3.2232162952423096 260
3.229212999343872 260
3.234808921813965 260
3.241088390350342 260
3.247255325317383 260
3.2526962757110596 260
3.258744716644287 260
3.2644777297973633 260
3.2705960273742676 260
3.277588129043579 260
3.2830467224121094 260
3.2890419960021973 260
3.2946248054504395 260
3.3007524013519287 260
3.3059816360473633 260
3.3119308948516846 260
3.3183393478393555 260
3.3248836994171143 260
3.3310070037841797 260
3.3371360301971436 260
3.342543601989746 260
3.3486058712005615 260
3.3539669513702393 260
3.360306739807129 260
3.365374803543091 260
3.371638536453247 260
3.3789100646972656 260
3.3846662044525146 260
3.3948171138763428 260
3.4010887145996094 260
3.4073731899261475 260
3.413017988204956 260
3.4190146923065186 260
3.4253499507904053 260
3.4314677715301514 260
3.437654972076416 260
3.443324327468872 260
3.449276924133301 260
3.4548490047454834 260
3.4609689712524414 260
3.4671199321746826 260
3.472473382949829 260
3.479642629623413 260
3.4849908351898193 260
3.491109609603882 260
3.497263193130493 260
3.5028913021087646 260
3.5089054107666016 260
3.514486312866211 260
3.520570755004883 260
3.527479887008667 260
3.5329458713531494 260
3.538935422897339 260
3.5444722175598145 260
3.550583600997925 260
3.5557820796966553 260
3.561868667602539 260
3.5683040618896484 260
3.573549270629883 260
3.580653190612793 260
3.5858540534973145 260
3.5918004512786865 260
3.5980162620544434 260
3.6034891605377197 260
3.60968017578125 260
3.615018606185913 260
3.6212661266326904 260
3.6274397373199463 260
3.6339311599731445 260
3.6408331394195557 260
3.6462562084198 260
3.651970386505127 260
3.6672134399414062 260
3.6746771335601807 260
3.681708812713623 260
3.688396692276001 260
3.698014974594116 260
3.705827236175537 260
3.712322950363159 260
3.720327854156494 260
3.7254090309143066 260
3.7331864833831787 260
3.7391669750213623 260
3.74491286277771 260
3.7510204315185547 260
3.7571794986724854 260
3.7633321285247803 260
3.769545316696167 260
3.7749016284942627 260
3.781769037246704 260
3.791555166244507 260
3.7977819442749023 260
3.803510904312134 260
3.80985426902771 260
3.8151745796203613 260
3.8214054107666016 260
3.827592372894287 260
3.8340117931365967 260
3.8402860164642334 260
3.8453829288482666 260
3.851471185684204 260
3.857694625854492 260
3.863309144973755 260
3.8692476749420166 260
3.8750364780426025 260
3.8811421394348145 260
3.888425827026367 260
3.893920421600342 260
3.8999767303466797 260
3.9052815437316895 260
3.911442756652832 260
3.9176158905029297 260
3.923238754272461 260
3.9292378425598145 260
3.93570613861084 260
3.941653251647949 260
3.9479048252105713 260
3.9533700942993164 260
3.9595677852630615 260
3.9649081230163574 260
3.9710309505462646 260
3.9772236347198486 260
3.982908248901367 260
3.9898362159729004 260
3.995166778564453 260
4.001232624053955 260
4.0074639320373535 260
4.012920618057251 260
4.018917083740234 260
4.024635553359985 260
4.030803680419922 260
4.037858486175537 260
4.043486833572388 260
4.0496826171875 260
4.055006742477417 260
4.061130046844482 260
4.067291259765625 260
4.072683095932007 260
4.078733921051025 260
4.0842790603637695 260
4.0911829471588135 260
4.097392559051514 260
4.1030073165893555 260
4.108989238739014 260
4.120780944824219 260
4.127692461013794 260
4.134473562240601 260
4.140483140945435 260
4.147935628890991 260
4.15507698059082 260
4.1613311767578125 260
4.168812274932861 260
4.174525499343872 260
4.179831504821777 260
4.185568809509277 260
4.197585821151733 260
4.204678535461426 260
4.211830377578735 260
4.217916011810303 260
4.227814435958862 260
4.233289957046509 260
4.239254713058472 260
4.244832754135132 260
4.2509424686431885 260
4.257083892822266 260
4.262298345565796 260
4.268518447875977 260
4.27713418006897 260
4.282773017883301 260
4.288808345794678 260
4.294335842132568 260
4.300431966781616 260
4.3056557178497314 260
4.3115949630737305 260
4.317802667617798 260
4.323290109634399 260
4.330567121505737 260
4.335793733596802 260
4.341872930526733 260
4.348270893096924 260
4.353503227233887 260
4.359714508056641 260
4.365033864974976 260
4.371133804321289 260
4.378340721130371 260
4.383549928665161 260
4.389702320098877 260
4.395077466964722 260
4.401323318481445 260
4.407495975494385 260
4.413137197494507 260
4.419119834899902 260
4.424703121185303 260
4.431560754776001 260
4.437748908996582 260
4.4432432651519775 260
4.449214696884155 260
4.454805850982666 260
4.461056709289551 260
4.467228651046753 260
4.472588539123535 260
4.4796576499938965 260
4.485021591186523 260
4.491136789321899 260
4.4973063468933105 260
4.502700567245483 260
4.508755207061768 260
4.514342784881592 260
4.5205888748168945 260
4.525810241699219 260
4.533016920089722 260
4.539057731628418 260
4.544837713241577 260
4.550948858261108 260
4.557084083557129 260
4.5622968673706055 260
4.568499803543091 260
4.573941707611084 260
4.58109974861145 260
4.58726167678833 260
4.59670090675354 260
4.602586269378662 260
4.614465713500977 260
4.620727777481079 260
4.625929832458496 260
4.638379335403442 260
4.643959045410156 260
4.650457143783569 260
4.6556806564331055 260
4.661807298660278 260
4.667996406555176 260
4.6736791133880615 260
4.679860591888428 260
4.687511205673218 260
4.693039417266846 260
4.6990296840667725 260
4.704716682434082 260
4.710854768753052 260
4.71659779548645 260
4.722287654876709 260
4.728431940078735 260
4.7347352504730225 260
4.740861177444458 260
4.7465901374816895 260
4.751990795135498 260
4.758418560028076 260
4.763907432556152 260
4.769999980926514 260
4.77537202835083 260
4.781440496444702 260
4.788715839385986 260
4.794281959533691 260
4.800555229187012 260
4.805783271789551 260
4.811745643615723 260
4.817934036254883 260
4.823554992675781 260
4.82972264289856 260
4.835924386978149 260
4.841882705688477 260
4.848346471786499 260
4.85355019569397 260
4.859706878662109 260
4.865028381347656 260
4.87117075920105 260
4.877375364303589 260
4.882983684539795 260
4.890010118484497 260
4.895328998565674 260
4.901458978652954 260
4.907675743103027 260
4.913114070892334 260
4.919112920761108 260
4.924665212631226 260
4.930944204330444 260
4.937970876693726 260
4.9435954093933105 260
4.949833869934082 260
4.955173969268799 260
4.961275100708008 260
4.96744441986084 260
4.972898006439209 260
4.978890895843506 260
4.984433650970459 260
4.9949517250061035 260
5.001338243484497 260
5.007507562637329 260
5.013131380081177 260
5.019106149673462 260
5.02482795715332 260
5.03093957901001 260
5.036694288253784 260
5.043300628662109 260
5.049257516860962 260
5.054846286773682 260
5.061162948608398 260
5.0673229694366455 260
5.07270359992981 260
5.078748941421509 260
5.084350824356079 260
5.091126918792725 260
5.097257614135742 260
5.102644920349121 260
5.108698129653931 260
5.114801645278931 260
5.12115216255188 260
5.128007650375366 260
5.133464097976685 260
5.140684604644775 260
5.145937919616699 260
5.151891708374023 260
5.158367872238159 260
5.163600444793701 260
5.169816732406616 260
5.175168991088867 260
5.181387424468994 260
5.1875386238098145 260
5.1939826011657715 260
5.200288534164429 260
5.205384254455566 260
5.211483478546143 260
5.217666387557983 260
5.223092079162598 260
5.2290894985198975 260
5.234700441360474 260
5.24174690246582 260
5.247915506362915 260
5.253416538238525 260
5.259681224822998 260
5.26509952545166 260
5.271179914474487 260
5.277360677719116 260
5.2828216552734375 260
5.288818836212158 260
5.295228958129883 260
5.301478385925293 260
5.307685613632202 260
5.313113212585449 260
5.319065570831299 260
5.324803113937378 260
5.330940008163452 260
5.336700439453125 260
5.343421220779419 260
5.349620342254639 260
5.355003595352173 260
5.36126708984375 260
5.367403030395508 260
5.372860908508301 260
5.378872632980347 260
5.384477853775024 260
5.390567064285278 260
5.40119743347168 260
5.407385587692261 260
5.413048267364502 260
5.419032335281372 260
5.424819469451904 260
5.430947303771973 260
5.436711072921753 260
5.4423134326934814 260
5.449320077896118 260
5.455042839050293 260
5.4611570835113525 260
5.467357158660889 260
5.47285532951355 260
5.478842258453369 260
5.484559059143066 260
5.490633010864258 260
5.497583627700806 260
5.5031092166900635 260
5.509063959121704 260
5.514662504196167 260
5.520836114883423 260
5.526581764221191 260
5.5319602489471436 260
5.538417100906372 260
5.543909072875977 260
5.551069021224976 260
5.5572309494018555 260
5.562625169754028 260
5.568691968917847 260
5.5740134716033936 260
5.580478668212891 260
5.585703134536743 260
5.591659069061279 260
5.598901748657227 260
5.604633569717407 260
5.610782623291016 260
5.616013526916504 260
5.621923208236694 260
5.628377199172974 260
5.640556335449219 260
5.648391008377075 260
5.653654336929321 260
5.65998649597168 260
5.665295600891113 260
5.671405792236328 260
5.677668571472168 260
5.683151006698608 260
5.68914270401001 260
5.694689989089966 260
5.701553821563721 260
5.707758188247681 260
5.713426113128662 260
5.719837188720703 260
5.725168943405151 260
5.731231689453125 260
5.737403392791748 260
5.7428693771362305 260
5.749857664108276 260
5.755218744277954 260
5.761316776275635 260
5.7674949169158936 260
5.772960662841797 260
5.7789201736450195 260
5.784619331359863 260
5.790722131729126 260
5.801628112792969 260
5.807788133621216 260
5.813429117202759 260
5.819826364517212 260
5.825149059295654 260
5.831263303756714 260
5.837419033050537 260
5.843088626861572 260
5.849133491516113 260
5.855571031570435 260
5.861581087112427 260
5.867769956588745 260
5.873249769210815 260
5.879227161407471 260
5.884779930114746 260
5.890957593917847 260
5.897121429443359 260
5.903589963912964 260
5.9098100662231445 260
5.9151318073272705 260
5.921257972717285 260
5.927393436431885 260
5.932905912399292 260
5.938908338546753 260
5.94447922706604 260
5.950596809387207 260
5.957576513290405 260
5.963232040405273 260
5.969207525253296 260
5.974940538406372 260
5.981064558029175 260
5.987198352813721 260
5.992555618286133 260
5.9985997676849365 260
6.004988193511963 260
6.011136054992676 260
6.017271041870117 260
6.022862672805786 260
6.028879880905151 260
6.034452438354492 260
6.0405967235565186 260
6.045794486999512 260
6.0517683029174805 260
6.0589919090271 260
6.064545392990112 260
6.070661544799805 260
6.075840711593628 260
6.0819525718688965 260
6.08841347694397 260
6.09357762336731 260
6.0999627113342285 260
6.107130765914917 260
6.112472057342529 260
6.118600368499756 260
6.12401556968689 260
6.137717962265015 260
6.14787745475769 260
6.15530252456665 260
6.164921522140503 260
6.1716835498809814 260
6.177884101867676 260
6.183352708816528 260
6.191687345504761 260
6.201641798019409 260
6.208890438079834 260
6.217183351516724 260
6.222858190536499 260
6.228885650634766 260
6.2372682094573975 260
6.242882490158081 260
6.24890661239624 260
6.25785231590271 260
6.263514757156372 260
6.269697666168213 260
6.2750468254089355 260
6.282559156417847 260
6.29033350944519 260
6.295426368713379 260
6.301560163497925 260
6.3118016719818115 260
6.317981004714966 260
6.327622175216675 260
6.335379600524902 260
6.3414599895477295 260
6.3476598262786865 260
6.357852220535278 260
6.3645384311676025 260
6.370645046234131 260
6.378859519958496 260
6.384672403335571 260
6.3908209800720215 260
6.396764516830444 260
6.404266119003296 260
6.4112043380737305 260
6.417638540267944 260
6.427335262298584 260
6.432778596878052 260
6.440730810165405 260
6.445957183837891 260
6.451929092407227 260
6.461297035217285 260
6.467509031295776 260
6.472985744476318 260
6.480825424194336 260
6.486629962921143 260
6.492475748062134 260
6.504759311676025 260
6.511822462081909 260
6.519917011260986 260
6.5252954959869385 260
6.531447172164917 260
6.545220136642456 260
6.554305553436279 260
6.563100099563599 260
6.569122314453125 260
6.578367471694946 260
6.587371349334717 260
6.593032360076904 260
6.605084657669067 260
6.613858461380005 260
6.622591495513916 260
6.630506992340088 260
6.6387879848480225 260
6.645223379135132 260
6.651324510574341 260
6.657764196395874 260
6.667348146438599 260
6.6727988719940186 260
6.67882513999939 260
6.688690185546875 260
6.694305419921875 260
6.701839923858643 260
6.7082788944244385 260
6.713486194610596 260
6.720748662948608 260
6.725999355316162 260
6.73192834854126 260
6.738407611846924 260
6.743923664093018 260
6.75039267539978 260
6.7556469440460205 260
6.761586427688599 260
6.768826723098755 260
6.774369239807129 260
6.780435562133789 260
6.785671710968018 260
6.791595220565796 260
6.797780990600586 260
6.8033974170684814 260
6.809545993804932 260
6.814937591552734 260
6.821799278259277 260
6.827955961227417 260
6.833433628082275 260
6.839617490768433 260
6.845007419586182 260
6.851077556610107 260
6.857239246368408 260
6.8628199100494385 260
6.869781017303467 260
6.875112295150757 260
6.881448030471802 260
6.88765287399292 260
6.893090724945068 260
6.899072170257568 260
6.904625654220581 260
6.910797119140625 260
6.916014671325684 260
6.924995422363281 260
6.93108057975769 260
6.937256574630737 260
6.942663908004761 260
6.948737859725952 260
6.954262733459473 260
6.960357666015625 260
6.96558141708374 260
6.972632884979248 260
6.97868537902832 260
6.99054741859436 260
6.995777606964111 260
7.0055999755859375 260
