0.016972780227661133 0
0.023579120635986328 0
0.029833078384399414 0
0.03667497634887695 0
0.04332756996154785 0
0.04868173599243164 0
0.05498647689819336 0
0.06044411659240723 1
0.06686615943908691 1
0.07342863082885742 1
0.07889366149902344 1
0.08618426322937012 2
0.09249734878540039 2
0.09809231758117676 3
0.10419273376464844 3
0.11004042625427246 3
0.11618494987487793 3
0.12251877784729004 4
0.12824058532714844 5
0.13431572914123535 5
0.14085078239440918 5
0.14689326286315918 5
0.15343117713928223 6
0.15886306762695312 7
0.16531848907470703 7
0.1706557273864746 7
0.1767113208770752 7
0.18300628662109375 8
0.18989086151123047 9
0.19609761238098145 9
0.20238494873046875 9
0.20794892311096191 10
0.21407198905944824 10
0.21980977058410645 11
0.2260603904724121 11
0.2323744297027588 12
0.24345803260803223 13
0.24943232536315918 13
0.25585222244262695 13
0.2622048854827881 14
0.26796627044677734 14
0.27407217025756836 15
0.2798182964324951 15
0.29066896438598633 16
0.2968761920928955 17
0.30527591705322266 17
0.3106253147125244 17
0.316469669342041 18
0.3257887363433838 19
0.3322460651397705 19
0.3394584655761719 20
0.3457760810852051 20
0.35260939598083496 21
0.35840702056884766 21
0.366016149520874 22
0.3722705841064453 22
0.38045525550842285 23
0.3861229419708252 23
0.3925173282623291 24
0.4010200500488281 24
0.4073359966278076 25
0.4136645793914795 25
0.41936206817626953 25
0.4257829189300537 26
0.4317183494567871 27
0.43762826919555664 27
0.44382619857788086 27
0.4502570629119873 28
0.4564797878265381 28
0.4627985954284668 29
0.4684169292449951 29
0.4747447967529297 29
0.48021554946899414 30
0.48662877082824707 30
0.49297428131103516 31
0.49894189834594727 31
0.5062310695648193 31
0.5125548839569092 32
0.5181350708007812 33
0.5250191688537598 33
0.5306222438812256 33
0.5368750095367432 34
0.5434370040893555 34
0.5493786334991455 35
0.5564413070678711 35
0.5627682209014893 35
0.5683767795562744 36
0.5746588706970215 36
0.5801208019256592 37
0.5863964557647705 37
0.5927207469940186 37
0.5983169078826904 38
0.6057734489440918 39
0.6116633415222168 39
0.6175832748413086 39
0.6237998008728027 40
0.629662036895752 40
0.6358926296234131 41
0.6461362838745117 41
0.6524274349212646 42
0.6592950820922852 42
0.66579270362854 43
0.6717000007629395 43
0.6776635646820068 43
0.6838326454162598 44
0.689652681350708 44
0.6958887577056885 45
0.7022285461425781 45
0.7085843086242676 45
0.714876651763916 45
0.7203373908996582 46
0.7285768985748291 47
0.7367594242095947 47
0.7461764812469482 47
0.7554850578308105 48
0.7608530521392822 49
0.7675597667694092 49
0.7737700939178467 49
0.7794551849365234 49
0.7858936786651611 50
0.7921571731567383 50
0.7976887226104736 51
0.8038973808288574 51
0.8104279041290283 51
0.8166899681091309 52
0.823035717010498 52
0.8286314010620117 53
0.8349616527557373 53
0.8404157161712646 53
0.846815824508667 53
0.853358268737793 54
0.8598930835723877 54
0.8661291599273682 55
0.8724255561828613 55
0.8780310153961182 55
0.8841464519500732 56
0.8900156021118164 56
0.896214485168457 57
0.9025511741638184 57
0.9095139503479004 57
0.9157631397247314 58
0.9216697216033936 58
0.9275791645050049 59
0.9337973594665527 59
0.9395389556884766 59
0.9457950592041016 59
0.9517078399658203 60
0.9584341049194336 61
0.9650154113769531 61
0.9706456661224365 61
0.9767270088195801 61
0.9832782745361328 62
0.9886903762817383 62
0.9950215816497803 63
1.0006012916564941 63
1.0066709518432617 63
1.0140480995178223 64
1.0199007987976074 64
1.0263218879699707 64
1.0325901508331299 65
1.0408873558044434 65
1.048339605331421 65
1.0547943115234375 66
1.0617344379425049 66
1.0678412914276123 67
1.0739631652832031 67
1.0796840190887451 67
1.0861210823059082 67
1.0923800468444824 68
1.0979704856872559 68
1.1040599346160889 69
1.1106295585632324 69
1.1167516708374023 69
1.123039960861206 69
1.128664493560791 70
1.1349766254425049 70
1.1404285430908203 70
1.1468312740325928 71
1.153367042541504 71
1.1586954593658447 71
1.1661381721496582 71
1.17240309715271 72
1.178002119064331 72
1.1840991973876953 73
1.1897976398468018 73
1.1960387229919434 73
1.2023138999938965 73
1.2081108093261719 74
1.2154440879821777 74
1.2207937240600586 74
1.2268431186676025 75
1.2334272861480713 75
1.2388947010040283 75
1.2453033924102783 75
1.2506322860717773 76
1.2567262649536133 76
1.2640435695648193 77
1.2699050903320312 77
1.2762846946716309 77
1.282583236694336 77
1.2882301807403564 78
1.2943153381347656 78
1.3008813858032227 79
1.3069489002227783 79
1.3141939640045166 79
1.3199291229248047 79
1.3264217376708984 80
1.3327572345733643 80
1.338346242904663 80
1.3446400165557861 81
1.3501133918762207 81
1.3563408851623535 81
1.3626255989074707 81
1.3694725036621094 82
1.375732660293579 82
1.3810393810272217 83
1.3876523971557617 83
1.3938088417053223 83
1.399491310119629 83
1.4058892726898193 83
1.4121882915496826 84
1.4195330142974854 84
1.4257700443267822 85
1.4316611289978027 85
1.43756103515625 85
1.447638988494873 85
1.45381498336792 86
1.459662914276123 86
1.4668514728546143 87
1.47344970703125 87
1.4789097309112549 87
1.485365867614746 87
1.490720272064209 87
1.4967927932739258 88
1.5033864974975586 88
1.5089967250823975 88
1.5154433250427246 89
1.5225410461425781 89
1.528113842010498 89
1.5342731475830078 89
1.5401170253753662 90
1.546327829360962 90
1.5526394844055176 90
1.558260440826416 91
1.564730167388916 91
1.5716893672943115 91
1.577564001083374 91
1.5837271213531494 91
1.589494228363037 92
1.5957646369934082 92
1.6016719341278076 92
1.6075782775878906 93
1.6137731075286865 93
1.6202778816223145 93
1.6266388893127441 93
1.6329314708709717 94
1.6385467052459717 94
1.6448512077331543 94
1.6503031253814697 95
1.6565258502960205 95
1.6628880500793457 95
1.6697609424591064 95
1.6760597229003906 95
1.6823534965515137 96
1.6881158351898193 96
1.694237470626831 96
1.699915885925293 97
1.706141710281372 97
1.7124450206756592 97
1.7180304527282715 97
1.7254581451416016 97
1.7308273315429688 98
1.7369191646575928 98
1.743474006652832 98
1.7493386268615723 99
1.755591869354248 99
1.7609128952026367 99
1.7669682502746582 99
1.7743289470672607 99
1.7800323963165283 100
1.7862610816955566 100
1.7925593852996826 100
1.7983357906341553 101
1.8048615455627441 101
1.8103501796722412 101
1.8165695667266846 101
1.823927640914917 101
1.8296642303466797 102
1.8359265327453613 102
1.844972848892212 102
1.8525605201721191 103
1.8583250045776367 103
1.8648872375488281 103
1.870387315750122 103
1.8779618740081787 103
1.8840653896331787 104
1.8898136615753174 104
1.8960764408111572 104
1.9024088382720947 105
1.9080078601837158 105
1.914133071899414 105
1.9199116230010986 105
1.9269828796386719 105
1.9335567951202393 105
1.9392855167388916 106
1.9455313682556152 106
1.9508914947509766 106
1.9573264122009277 106
1.9636809825897217 107
1.969367504119873 107
1.976438045501709 107
1.98276686668396 107
1.9884939193725586 107
1.9948146343231201 107
2.000284433364868 108
2.0081498622894287 108
2.0143003463745117 108
2.019981622695923 109
2.0269522666931152 109
2.033539056777954 109
2.039260149002075 109
2.0456669330596924 109
2.0510194301605225 109
2.057636260986328 110
2.0638427734375 110
2.0695199966430664 110
2.076497793197632 111
2.0828893184661865 111
2.0884783267974854 111
2.094827651977539 111
2.100283622741699 111
2.1066386699676514 111
2.1129519939422607 112
2.118565320968628 112
2.1248793601989746 112
2.1322426795959473 112
2.1378366947174072 113
2.143970251083374 113
2.1496779918670654 113
2.15590238571167 113
2.16218900680542 113
2.167956829071045 113
2.174069404602051 114
2.1806352138519287 114
2.186901807785034 114
2.1934821605682373 115
2.198972225189209 115
2.205430269241333 115
2.2107646465301514 115
2.2168421745300293 115
2.223418712615967 115
2.2300641536712646 116
2.236302375793457 116
2.2461538314819336 116
2.2525181770324707 117
2.258316993713379 117
2.2647485733032227 117
2.2702298164367676 117
2.27660870552063 117
2.2840449810028076 117
2.2899222373962402 118
2.2962160110473633 118
2.303436756134033 118
2.308920383453369 118
2.315573215484619 119
2.3209075927734375 119
2.326976776123047 119
2.3343427181243896 119
2.3401012420654297 119
2.3464555740356445 119
2.3527822494506836 120
2.3654396533966064 120
2.370852470397949 121
2.3769590854644775 121
2.384279489517212 121
2.38997220993042 121
2.396214008331299 121
2.4025344848632812 121
2.408320426940918 121
2.414632558822632 122
2.420128345489502 122
2.4263298511505127 122
2.4336061477661133 122
2.4393091201782227 123
2.4457521438598633 123
2.451650619506836 123
2.4575045108795166 123
2.4638164043426514 123
2.4697136878967285 123
2.475985288619995 123
2.482292652130127 124
2.4888505935668945 124
2.495313882827759 124
2.5006392002105713 124
2.506716012954712 124
2.513021945953369 125
2.5186150074005127 125
2.525358200073242 125
2.5306928157806396 125
2.5380046367645264 125
2.5440902709960938 125
2.5498135089874268 125
2.556081533432007 125
2.5623815059661865 126
2.5679895877838135 126
2.5740668773651123 126
2.5799307823181152 126
2.58731746673584 127
2.59371280670166 127
2.5994081497192383 127
2.605705499649048 127
2.611022710800171 127
2.6173253059387207 127
2.6237142086029053 127
2.6294333934783936 127
2.636396884918213 127
2.6427316665649414 128
2.652883529663086 128
2.6586732864379883 128
2.6653974056243896 128
2.67079496383667 129
2.67699933052063 129
2.6835758686065674 129
2.6901330947875977 129
2.696322202682495 129
2.702692985534668 129
2.708486795425415 129
2.7148358821868896 129
2.7203080654144287 130
2.7265477180480957 130
2.732940435409546 130
2.7397100925445557 130
2.7459678649902344 130
2.752284526824951 131
2.75787615776062 131
2.764028549194336 131
2.769899845123291 131
2.776120185852051 131
2.782392978668213 131
2.788703680038452 131
2.795344352722168 131
2.80069637298584 132
2.8068249225616455 132
2.8133721351623535 132
2.818878412246704 132
2.825532913208008 132
2.8308682441711426 133
2.8374557495117188 133
2.844705581665039 133
2.8501811027526855 133
2.8564116954803467 133
2.8627114295959473 133
2.868340015411377 133
2.874650001525879 134
2.880117893218994 134
2.88651967048645 134
2.8939437866210938 134
2.899657726287842 134
2.9059150218963623 134
2.9122517108917236 135
2.9179224967956543 135
2.9240598678588867 135
2.929816484451294 135
2.9360594749450684 135
2.9434361457824707 135
2.9492721557617188 135
2.9555177688598633 135
2.9608635902404785 136
2.9673280715942383 136
2.9736874103546143 136
2.979363203048706 136
2.985590934753418 136
2.992744207382202 137
2.9983396530151367 137
3.0048489570617676 137
3.0103132724761963 137
3.0165154933929443 137
3.0228915214538574 137
3.0285043716430664 137
3.0348384380340576 137
3.0402820110321045 138
3.051706552505493 138
3.0577266216278076 138
3.0639450550079346 139
3.0699164867401123 139
3.0762839317321777 139
3.082585573196411 139
3.088186740875244 139
3.0956976413726807 139
3.1010043621063232 139
3.107301950454712 139
3.1136505603790283 139
3.1193618774414062 139
3.12575364112854 140
3.1316490173339844 140
3.137497663497925 140
3.1446480751037598 140
3.150161027908325 140
3.1564810276031494 141
3.162815809249878 141
3.1684317588806152 141
3.174729585647583 141
3.180213212966919 141
3.1865758895874023 141
3.192908763885498 141
3.1996819972991943 141
3.205934762954712 141
3.212282419204712 142
3.2178866863250732 142
3.2240161895751953 142
3.2298667430877686 142
3.236104965209961 142
3.2424254417419434 142
3.2489912509918213 143
3.2554380893707275 143
3.2607908248901367 143
3.266819715499878 143
3.2733922004699707 143
3.2788424491882324 143
3.2850353717803955 143
3.2906761169433594 143
3.2980878353118896 143
3.3055570125579834 143
3.310873508453369 143
3.316925048828125 143
3.323481559753418 143
3.3289778232574463 144
3.335460901260376 144
3.340806722640991 144
3.3482189178466797 144
3.3543293476104736 144
3.3602211475372314 144
3.3665974140167236 144
3.372920513153076 144
3.378518581390381 144
3.3848540782928467 145
3.3903088569641113 145
3.396554946899414 145
3.4039299488067627 145
3.409688711166382 145
3.4159319400787354 145
3.422278881072998 145
3.4280500411987305 145
3.4341917037963867 145
3.4399025440216064 145
3.450662851333618 145
3.4568569660186768 146
3.4634101390838623 146
3.469014883041382 146
3.475600004196167 146
3.4809651374816895 146
3.487614631652832 146
3.4938266277313232 146
3.5003435611724854 146
3.5065524578094482 147
3.512901782989502 147
3.518489360809326 147
3.524831771850586 147
3.530304193496704 147
3.536512851715088 147
3.542903423309326 147
3.5486464500427246 147
3.5560739040374756 147
3.562392473220825 147
3.56796932220459 147
3.574090003967285 147
3.579810380935669 147
3.5860748291015625 147
3.59238600730896 147
3.597991466522217 147
3.6055643558502197 148
3.6109049320220947 148
3.617464780807495 148
3.6237735748291016 148
3.629512071609497 148
3.6357314586639404 148
3.6412739753723145 149
3.6474621295928955 149
3.6547231674194336 149
3.6602039337158203 149
3.666599750518799 149
3.6729156970977783 149
3.678537607192993 149
3.6848838329315186 149
3.6904540061950684 149
3.6966848373413086 149
3.704040050506592 149
3.7097411155700684 149
3.7159910202026367 149
3.7222867012023926 150
3.728048086166382 150
3.734177827835083 150
3.739880084991455 150
3.7462899684906006 150
3.7526464462280273 150
3.759268045425415 150
3.765552282333374 150
3.7709085941314697 150
3.7769763469696045 151
3.7835841178894043 151
3.789416790008545 151
3.7956323623657227 151
3.8009707927703857 151
3.8083934783935547 151
3.814713954925537 151
3.820204734802246 151
3.8264200687408447 151
3.832728147506714 151
3.838308572769165 151
3.8448503017425537 151
3.8560099601745605 151
3.862295389175415 152
3.868029832839966 152
3.8741650581359863 152
3.8801181316375732 152
3.8863325119018555 152
3.892631769180298 152
3.8982467651367188 153
3.904850721359253 153
3.912160634994507 153
3.9177119731903076 153
3.9239144325256348 153
3.9302570819854736 153
3.936481237411499 153
3.9427690505981445 153
3.9484047889709473 153
3.9547035694122314 153
3.961717128753662 153
3.967806577682495 154
3.973926544189453 154
3.979628086090088 154
3.9858994483947754 154
3.992253065109253 154
3.9978039264678955 154
4.003944396972656 154
4.010717153549194 154
4.016812086105347 154
4.023403882980347 154
4.029037714004517 154
4.0355024337768555 154
4.040847063064575 154
4.0469584465026855 154
4.053542852401733 155
4.059981346130371 155
4.066227197647095 155
4.072553873062134 155
4.078195333480835 155
4.084303379058838 155
4.090131521224976 155
4.096326112747192 155
4.1026387214660645 155
4.10829758644104 155
4.115677356719971 155
4.120977401733398 155
4.127274990081787 156
4.133601188659668 156
4.139496803283691 156
4.145919322967529 156
4.1522438526153564 156
4.157848119735718 156
4.164845943450928 157
4.170310974121094 157
4.17652702331543 157
4.1828906536102295 157
4.188492059707642 157
4.194835901260376 157
4.200313568115234 157
4.2066497802734375 157
4.214073419570923 157
4.219797372817993 157
4.226054668426514 157
4.232355117797852 157
4.237967491149902 157
4.24407434463501 158
4.254188776016235 158
4.2600648403167725 158
4.26767373085022 158
4.2738306522369385 158
4.279664993286133 158
4.285914182662964 158
4.292244911193848 159
4.2979583740234375 159
4.30497932434082 159
4.310412645339966 159
4.317701101303101 159
4.323920011520386 159
4.329874753952026 159
4.336126089096069 159
4.342429876327515 159
4.348041534423828 159
4.354159116744995 159
4.362136363983154 159
4.368568181991577 159
4.374866247177124 160
4.380347728729248 160
4.386718988418579 160
4.393282651901245 160
4.398924112319946 160
4.4054014682769775 160
4.410748243331909 160
4.418111085891724 161
4.424240589141846 161
4.429957151412964 161
4.436171054840088 161
4.442508697509766 161
4.44828724861145 161
4.4546287059783936 161
4.460103750228882 161
4.467041969299316 161
4.473634481430054 161
4.479321479797363 161
4.485585927963257 161
4.490946292877197 161
4.497010946273804 161
4.503618001937866 161
4.509459972381592 161
4.516365051269531 161
4.5227272510528564 161
4.528486013412476 161
4.534813404083252 161
4.540268421173096 161
4.546468257904053 161
4.552825450897217 161
4.558475494384766 161
4.564948797225952 161
4.572308778762817 161
4.577958106994629 161
4.584071636199951 161
4.589818477630615 161
4.596072435379028 161
4.602370262145996 161
4.6079535484313965 161
4.614064931869507 161
4.620700359344482 161
4.626938104629517 161
4.633444547653198 161
4.638929843902588 161
4.655919075012207 161
4.662260293960571 161
4.668704032897949 161
4.675414800643921 161
4.6807756423950195 161
4.687031030654907 161
4.693575382232666 161
4.699273347854614 161
4.705504655838013 161
4.710920095443726 161
4.716969728469849 161
4.724331617355347 161
4.73000955581665 161
4.736206531524658 161
4.742528200149536 161
4.7483508586883545 161
4.7546546459198 161
4.760136842727661 161
4.766313552856445 161
4.773710489273071 161
4.7793755531311035 161
4.785756349563599 161
4.791665077209473 161
4.7975053787231445 161
4.803746938705444 161
4.809558868408203 161
4.81583571434021 161
4.82294774055481 161
4.8285813331604 161
4.834876298904419 161
4.840301275253296 161
4.846502065658569 161
4.852827787399292 161
4.858450889587402 161
4.864898204803467 161
4.870325326919556 161
4.877666234970093 161
4.883835077285767 161
4.889737367630005 161
4.895991325378418 161
4.902289152145386 161
4.907881736755371 161
4.913991451263428 161
4.919874429702759 161
4.926970720291138 161
4.933518171310425 161
4.93898868560791 161
4.9454498291015625 161
4.950845718383789 161
4.956908941268921 161
4.963428974151611 161
4.968925476074219 161
4.976182460784912 161
4.98250150680542 161
4.988261699676514 161
4.994340181350708 161
5.000025033950806 161
5.006216287612915 161
5.012568473815918 161
5.0181944370269775 161
5.025543689727783 161
5.030863285064697 161
5.036911487579346 161
5.0434629917144775 161
5.049335956573486 161
5.059605836868286 161
5.06599760055542 161
5.072283744812012 161
5.078860759735107 161
5.0854668617248535 161
5.09082555770874 161
5.096930503845215 161
5.103466033935547 161
5.10933780670166 161
5.115572214126587 161
5.120885372161865 161
5.12811803817749 161
5.134223461151123 161
5.139893054962158 161
5.146117687225342 161
5.152393341064453 161
5.158017635345459 161
5.164079904556274 161
5.169909954071045 161
5.1773481369018555 161
5.183696985244751 161
5.189439058303833 161
5.195663690567017 161
5.200996160507202 161
5.207305908203125 161
5.21361780166626 161
5.219305753707886 161
5.2257256507873535 161
5.232906341552734 161
5.238492727279663 161
5.244822025299072 161
5.25030255317688 161
5.25649881362915 161
5.262833595275879 161
5.26845645904541 161
5.274756908416748 161
5.281027317047119 161
5.292417287826538 161
5.300305366516113 161
5.306175947189331 161
5.3124048709869385 161
5.319669008255005 161
5.326984643936157 161
5.335319995880127 161
5.340688705444336 161
5.347036838531494 161
5.3538806438446045 161
5.359975814819336 161
5.367005348205566 161
5.373687028884888 161
5.381513595581055 161
5.3869218826293945 161
5.39433741569519 161
5.40250301361084 161
5.408244848251343 161
5.414355039596558 161
5.4200263023376465 161
5.426285982131958 161
5.43257737159729 161
5.438318729400635 161
5.444610118865967 161
5.451016187667847 161
5.4609458446502686 161
5.4676454067230225 161
5.473823547363281 161
5.4796648025512695 161
5.48606276512146 161
5.492337465286255 161
5.498593091964722 161
5.504918813705444 161
5.510448455810547 161
5.516684532165527 161
5.523003101348877 161
5.536807537078857 161
5.543384552001953 161
5.549858331680298 161
5.556093692779541 161
5.562381029129028 161
5.568189382553101 161
5.574301481246948 161
5.579995155334473 161
5.586358547210693 161
5.592636823654175 161
5.59823751449585 161
5.605714559555054 161
5.6110100746154785 161
5.617286682128906 161
5.623620271682739 161
5.629310607910156 161
5.635580062866211 161
5.640902042388916 161
5.647339344024658 161
5.654678821563721 161
5.660144329071045 161
5.666329860687256 161
5.672613859176636 161
5.67825174331665 161
5.684340000152588 161
5.690053939819336 161
5.696436405181885 161
5.703762769699097 161
5.709624767303467 161
5.715842247009277 161
5.7221291065216064 161
5.72766375541687 161
5.733798027038574 161
5.739489793777466 161
5.745725154876709 161
5.7526695728302 161
5.7583699226379395 161
5.7649922370910645 161
5.770437240600586 161
5.776622772216797 161
5.78292989730835 161
5.788557052612305 161
5.794838190078735 161
5.800293207168579 161
5.807648181915283 161
5.8138275146484375 161
5.819498300552368 161
5.825917482376099 161
5.832160234451294 161
5.837683916091919 161
5.843878507614136 161
5.84956955909729 161
5.860369682312012 161
5.866746425628662 161
5.873284101486206 161
5.878953695297241 161
5.885640859603882 161
5.890975713729858 161
5.897038221359253 161
5.903604507446289 161
5.910107612609863 161
5.916315317153931 161
5.922624826431274 161
5.928229808807373 161
5.934691429138184 161
5.940140962600708 161
5.946478605270386 161
5.952802896499634 161
5.959591627120972 161
5.965834379196167 161
5.972111701965332 161
5.9776177406311035 161
5.983821153640747 161
5.989522695541382 161
5.995754241943359 161
6.001667737960815 161
6.00861120223999 161
6.014932870864868 161
6.020411729812622 161
6.0266053676605225 161
6.032896280288696 161
6.038474798202515 161
6.044766426086426 161
6.050202131271362 161
6.05765962600708 161
6.063879728317261 161
6.069727182388306 161
6.076000690460205 161
6.082326412200928 161
6.088117599487305 161
6.094202995300293 161
6.09986686706543 161
6.106112957000732 161
6.113540172576904 161
6.119008779525757 161
6.125584602355957 161
6.130959749221802 161
6.137015342712402 161
6.143578052520752 161
6.149260997772217 161
6.1554882526397705 161
6.162521839141846 161
6.168134450912476 161
6.174264430999756 161
6.179936170578003 161
6.186311721801758 161
6.192635774612427 161
6.198260545730591 161
6.2046058177948 161
6.210925817489624 161
6.217468500137329 161
6.2237255573272705 161
6.229428052902222 161
6.235666751861572 161
6.241010427474976 161
6.247612476348877 161
6.25380802154541 161
6.2647788524627686 161
6.27020788192749 161
6.276568412780762 161
6.282896280288696 161
6.288632392883301 161
6.295238018035889 161
6.302217960357666 161
6.308046102523804 161
6.31543231010437 161
6.320823431015015 161
6.326900005340576 161
6.333444833755493 161
6.338934421539307 161
6.345571994781494 161
6.350959300994873 161
6.357033967971802 161
6.364306211471558 161
6.370123386383057 161
6.376376628875732 161
6.38269829750061 161
6.388294696807861 161
6.39459228515625 161
6.400071144104004 161
6.406296730041504 161
6.413522005081177 161
6.419039726257324 161
6.425616264343262 161
6.4309587478637695 161
6.437028646469116 161
6.4442527294158936 161
6.449965476989746 161
6.456211566925049 161
6.463499307632446 161
6.469238042831421 161
6.475642204284668 161
6.480983257293701 161
6.487612724304199 161
6.49380087852478 161
6.499510049819946 161
6.505734920501709 161
6.511029958724976 161
6.518373727798462 161
6.5246381759643555 161
6.530129671096802 161
6.536291599273682 161
6.542599201202393 161
6.5483458042144775 161
6.55462908744812 161
6.560118913650513 161
6.56744384765625 161
6.573704481124878 161
6.5794150829315186 161
6.585635662078857 161
6.591003894805908 161
6.597285985946655 161
6.603661298751831 161
6.609534502029419 161
6.616563558578491 161
6.622926235198975 161
6.628505706787109 161
6.6348326206207275 161
6.6402974128723145 161
6.648237228393555 161
6.654574632644653 161
6.662958860397339 161
6.672398567199707 161
6.678195238113403 161
6.684300899505615 161
6.69012188911438 161
6.696299076080322 161
6.702595949172974 161
6.708196640014648 161
6.714298248291016 161
6.720897197723389 161
6.727431774139404 161
6.7336955070495605 161
6.7395524978637695 161
6.745762586593628 161
6.751665830612183 161
6.757489919662476 161
6.763744592666626 161
6.770265340805054 161
6.776458501815796 161
6.782724142074585 161
6.788422107696533 161
6.7947118282318115 161
6.800172328948975 161
6.806344509124756 161
6.812616586685181 161
6.8193511962890625 161
6.825591087341309 161
6.830938100814819 161
6.837002277374268 161
6.843540906906128 161
6.849360704421997 161
6.855604410171509 161
6.860949516296387 161
6.867570400238037 161
6.874793529510498 161
6.8802266120910645 161
6.886542320251465 161
6.892884254455566 161
6.898495435714722 161
6.9049413204193115 161
6.910426139831543 161
6.916621685028076 161
6.92398738861084 161
6.9296555519104 161
6.935895204544067 161
6.9421422481536865 161
6.947705507278442 161
6.953880786895752 161
6.959535598754883 161
6.965904712677002 161
6.972991466522217 161
6.978602409362793 161
6.984908103942871 161
6.990344047546387 161
7.0035951137542725 161
