0.018451690673828125 0
0.02465033531188965 0
0.03027510643005371 1
0.03629732131958008 1
0.04209280014038086 3
0.04835391044616699 4
0.05527949333190918 7
0.06078767776489258 9
0.06675457954406738 11
0.07241940498352051 13
0.07860064506530762 16
0.08481526374816895 20
0.0903165340423584 23
0.09635734558105469 27
0.10210847854614258 29
0.10906052589416504 34
0.11531734466552734 38
0.12089157104492188 42
0.12715959548950195 46
0.13254880905151367 51
0.13869166374206543 55
0.14488911628723145 59
0.150376558303833 62
0.15771698951721191 68
0.1629927158355713 72
0.1690373420715332 77
0.1753394603729248 81
0.1808304786682129 85
0.18702363967895508 90
0.19240522384643555 93
0.19861364364624023 98
0.20481300354003906 104
0.21126055717468262 109
0.21774625778198242 114
0.22299885749816895 119
0.2292029857635498 123
0.23544073104858398 128
0.24094462394714355 133
0.247175931930542 138
0.2525444030761719 143
0.25937390327453613 148
0.2658727169036865 153
0.2711219787597656 159
0.2810945510864258 166
0.2877025604248047 171
0.29284191131591797 175
0.29912757873535156 181
0.3054060935974121 185
0.31209731101989746 191
0.3182990550994873 195
0.32412099838256836 201
0.32984328269958496 205
0.3360118865966797 210
0.341747522354126 215
0.3479335308074951 220
0.3531680107116699 225
0.3606259822845459 232
0.3666379451751709 237
0.3722419738769531 240
0.378481388092041 245
0.38469743728637695 252
0.3901374340057373 255
0.39624714851379395 261
0.4020676612854004 265
0.40830421447753906 271
0.4154055118560791 276
0.42093992233276367 279
0.4272031784057617 283
0.43257737159729004 285
0.43875622749328613 288
0.4449775218963623 290
0.4505152702331543 291
0.45658349990844727 292
0.4632604122161865 293
0.4692695140838623 293
0.4757213592529297 293
0.4809987545013428 292
0.4874148368835449 291
0.4927959442138672 290
0.49898242950439453 288
0.5052249431610107 286
0.5118818283081055 284
0.518275260925293 281
0.524083137512207 279
0.5297603607177734 275
0.5360226631164551 272
0.5414144992828369 269
0.5477864742279053 265
0.5530185699462891 262
0.5590996742248535 258
0.5664279460906982 253
0.5720350742340088 251
0.5783545970916748 248
0.5845227241516113 246
0.5899999141693115 244
0.5961201190948486 242
0.6017305850982666 241
0.6078832149505615 240
0.6149325370788574 240
0.620664119720459 240
0.6267056465148926 241
0.6322951316833496 241
0.6386117935180664 243
0.6448330879211426 245
0.6504132747650146 246
0.6616482734680176 251
0.6691153049468994 255
0.6857089996337891 263
0.6958775520324707 268
0.7017426490783691 271
0.7088625431060791 273
0.7160940170288086 275
0.724703311920166 277
0.7302060127258301 277
0.7362992763519287 277
0.7440328598022461 277
0.7500436305999756 277
0.7561511993408203 276
0.7641289234161377 273
0.7709896564483643 271
0.7774271965026855 269
0.7828118801116943 267
0.7900891304016113 264
0.7986729145050049 259
0.8049263954162598 256
0.8106169700622559 253
0.8185112476348877 251
0.8265209197998047 248
0.8320977687835693 247
0.8382923603057861 246
0.8465609550476074 246
0.8521795272827148 246
0.8583922386169434 246
0.8648269176483154 247
0.8731451034545898 249
0.8793354034423828 251
0.885826826095581 253
0.8961348533630371 257
0.9017472267150879 260
0.9097249507904053 264
0.9200096130371094 268
0.9261624813079834 270
0.9317934513092041 272
0.9393959045410156 273
0.9459388256072998 274
0.9513590335845947 274
0.9618983268737793 273
0.9705760478973389 272
0.9766464233398438 270
0.9851672649383545 268
0.9907143115997314 266
0.996741771697998 263
1.0025279521942139 261
1.010362148284912 257
1.0206530094146729 252
1.0267136096954346 250
1.034858226776123 248
1.0403311252593994 248
1.0463709831237793 247
1.0548121929168701 247
1.060523509979248 247
1.0665309429168701 248
1.0730080604553223 250
1.0897307395935059 254
1.0961453914642334 257
1.1033945083618164 260
1.11000394821167 263
1.1161134243011475 267
1.123185396194458 269
1.1393213272094727 273
1.1481153964996338 273
1.153383493423462 273
1.1607375144958496 273
1.1698641777038574 272
1.1780929565429688 271
1.186385154724121 267
1.196030855178833 265
1.2016699314117432 262
1.2109062671661377 257
1.2189116477966309 254
1.2261927127838135 251
1.234893560409546 248
1.2421762943267822 247
1.2483441829681396 247
1.256593942642212 247
1.2651891708374023 247
1.2708494663238525 248
1.281106948852539 250
1.2886552810668945 254
1.2966194152832031 256
1.3046741485595703 259
1.310105323791504 261
1.3162274360656738 265
1.3218233585357666 267
1.328725814819336 270
1.3349862098693848 271
1.3405237197875977 273
1.346557855606079 273
1.3521728515625 273
1.3585007190704346 273
1.364748477935791 273
1.3702442646026611 273
1.3773045539855957 271
1.3826828002929688 269
1.3888258934020996 268
1.3950905799865723 265
1.4007682800292969 263
1.4067580699920654 261
1.4123709201812744 259
1.4186992645263672 255
1.4249250888824463 252
1.431121587753296 250
1.4373326301574707 249
1.4427056312561035 247
1.4505610466003418 247
1.4565939903259277 247
1.4622175693511963 247
1.4683327674865723 247
1.4741322994232178 248
1.4858272075653076 251
1.4913578033447266 253
1.4978604316711426 255
1.5031180381774902 258
1.5092720985412598 261
1.5157630443572998 263
1.521036148071289 266
1.5274488925933838 268
1.5348334312438965 270
1.5405170917510986 271
1.5465662479400635 271
1.5522477626800537 272
1.5583879947662354 271
1.5645477771759033 271
1.5699751377105713 270
1.5761232376098633 269
1.5826072692871094 267
1.588742733001709 265
1.5949652194976807 263
1.6006736755371094 260
1.6067266464233398 257
1.6123759746551514 255
1.618544340133667 253
1.624708890914917 251
1.631000280380249 249
1.641887903213501 248
1.6487295627593994 248
1.6574211120605469 249
1.662771463394165 250
1.6698987483978271 251
1.675363302230835 253
1.6832942962646484 255
1.6892781257629395 258
1.69773530960083 261
1.7029953002929688 263
1.7090466022491455 267
1.7162911891937256 268
1.7221558094024658 269
1.7282938957214355 270
1.7353496551513672 271
1.744396686553955 271
1.7494101524353027 271
1.7577574253082275 270
1.7630650997161865 269
1.7705342769622803 267
1.776582956314087 265
1.782310962677002 263
1.78861665725708 261
1.794832706451416 257
1.8003530502319336 255
1.806384801864624 253
1.8120121955871582 251
1.8181629180908203 250
1.8252110481262207 249
1.8307321071624756 249
1.8367640972137451 248
1.842496395111084 249
1.8486254215240479 249
1.8548262119293213 250
1.8603062629699707 251
1.8663547039031982 253
1.8727591037750244 255
1.882669448852539 260
1.8890206813812256 263
1.8952791690826416 265
1.9010224342346191 267
1.9074065685272217 269
1.9127922058105469 270
1.919104814529419 271
1.9264123439788818 271
1.9320459365844727 271
1.9381968975067139 271
1.943683385848999 271
1.9494311809539795 269
1.9559299945831299 268
1.9617440700531006 266
1.9678857326507568 264
1.9748642444610596 261
1.9803707599639893 259
1.9864883422851562 256
1.9920737743377686 254
1.9982397556304932 252
2.0040340423583984 250
2.011294364929199 249
2.0178072452545166 249
2.0248026847839355 248
2.0303568840026855 249
2.036388397216797 249
2.0419750213623047 250
2.048309803009033 251
2.054096221923828 253
2.0598866939544678 255
2.0660226345062256 257
2.071408748626709 260
2.0787627696990967 263
2.0850164890289307 266
2.0905399322509766 268
2.096574068069458 269
2.102203607559204 270
2.1083884239196777 271
2.1145782470703125 271
2.1199848651885986 271
2.127028226852417 271
2.1324307918548584 271
2.138760805130005 269
2.14497709274292 267
2.1505215167999268 266
2.156522512435913 264
2.162116289138794 262
2.16841721534729 259
2.174590587615967 256
2.181053400039673 254
2.1872963905334473 252
2.19268536567688 251
2.199018955230713 249
2.2052152156829834 249
2.2107465267181396 249
2.2167253494262695 249
2.2223212718963623 250
2.2291271686553955 251
2.235368490219116 253
2.240880250930786 254
2.24709415435791 256
2.252450704574585 258
2.2587804794311523 261
2.2650063037872314 264
2.270538806915283 266
2.277881622314453 269
2.2880325317382812 270
2.293294906616211 271
2.2994046211242676 271
2.3058910369873047 271
2.3117520809173584 271
2.318101406097412 270
2.3233466148376465 269
2.3305273056030273 267
2.336616277694702 265
2.3422491550445557 264
2.3484489917755127 261
2.3546791076660156 258
2.3601202964782715 256
2.3717806339263916 251
2.378812074661255 249
2.385023832321167 249
2.3905327320098877 248
2.3965470790863037 248
2.402207851409912 248
2.408378839492798 248
2.414517402648926 249
2.4198458194732666 251
2.4260470867156982 252
2.432466745376587 254
2.4387853145599365 257
2.4449808597564697 260
2.450512409210205 262
2.4566264152526855 265
2.462254285812378 267
2.468424081802368 269
2.474687337875366 271
2.4817402362823486 272
2.4879207611083984 272
2.493180751800537 273
2.4993531703948975 272
2.505844831466675 272
2.5117745399475098 271
2.5179479122161865 270
2.5231878757476807 269
2.529266595840454 267
2.536438226699829 264
2.5421106815338135 262
2.5482914447784424 259
2.554090738296509 257
2.560094118118286 254
2.566145896911621 252
2.5719046592712402 251
2.5780770778656006 249
2.5850794315338135 249
2.5905890464782715 248
2.5965869426727295 248
2.6021969318389893 249
2.608328342437744 249
2.6141254901885986 251
2.620121479034424 252
2.626183032989502 254
2.6325552463531494 257
2.6386959552764893 259
2.644902467727661 262
2.650543212890625 265
2.657766580581665 267
2.6630165576934814 269
2.6690404415130615 270
2.6753053665161133 271
2.685943603515625 271
2.6917221546173096 271
2.698164224624634 271
2.7034292221069336 270
2.7098793983459473 269
2.7160391807556152 267
2.721835136413574 265
2.7279512882232666 263
2.7349815368652344 260
2.740701675415039 257
2.7467398643493652 255
2.7523128986358643 253
2.758448839187622 251
2.7646591663360596 249
2.770068883895874 249
2.776177167892456 248
2.7817318439483643 248
2.788651466369629 249
2.7948780059814453 249
2.800532579421997 251
2.806558132171631 252
2.8121705055236816 253
2.818342924118042 255
2.8241286277770996 257
2.8300883769989014 260
2.8372390270233154 263
2.8426499366760254 266
2.8487889766693115 268
2.8550474643707275 269
2.860714912414551 271
2.866730213165283 271
2.8723199367523193 272
2.8784759044647217 272
2.8847320079803467 271
2.8909244537353516 270
2.8971831798553467 269
2.902538299560547 267
2.908651828765869 266
2.9149527549743652 263
2.920653820037842 261
2.926654815673828 258
2.9322779178619385 257
2.939228057861328 253
2.9456918239593506 251
2.9509639739990234 250
2.95733380317688 249
2.962707281112671 248
2.9688313007354736 248
2.975045919418335 248
2.9806909561157227 249
2.9867255687713623 250
2.993159532546997 251
2.9991347789764404 253
3.0053486824035645 255
3.0108799934387207 257
3.017099618911743 260
3.0225563049316406 263
3.0286948680877686 265
3.034886360168457 267
3.041775703430176 269
3.047933578491211 271
3.053203582763672 271
3.0592103004455566 272
3.065406084060669 272
3.070935010910034 272
3.0771872997283936 272
3.0873513221740723 270
3.094666004180908 268
3.10044264793396 267
3.106476068496704 264
3.1122539043426514 263
3.1184298992156982 260
3.1247305870056152 256
3.1302151679992676 255
3.1362507343292236 253
3.1426939964294434 250
3.1488535404205322 249
3.1550848484039307 248
3.160766124725342 248
3.166722297668457 248
3.1722981929779053 248
3.178448438644409 249
3.1847012042999268 251
3.19087815284729 252
3.1971654891967773 254
3.2025234699249268 255
3.2086424827575684 258
3.2148938179016113 262
3.220611810684204 264
3.2266390323638916 267
3.232257127761841 268
3.2384226322174072 269
3.2457668781280518 271
3.2510218620300293 271
3.2572860717773438 272
3.262648820877075 271
3.2687835693359375 271
3.275045871734619 270
3.2807819843292236 269
3.28702712059021 267
3.293262481689453 265
3.2992613315582275 263
3.3057241439819336 260
3.3110055923461914 257
3.3172812461853027 255
3.3226563930511475 253
3.328782558441162 251
3.335012912750244 251
3.3407070636749268 250
3.3481838703155518 249
3.353672742843628 249
3.359405994415283 250
3.365891456604004 251
3.3712620735168457 252
3.377307176589966 253
3.3826491832733154 255
3.38877272605896 257
3.3960072994232178 260
3.401822328567505 263
3.407980442047119 265
3.4132280349731445 267
3.419219493865967 269
3.425393581390381 271
3.430981159210205 271
3.437197685241699 272
3.442584753036499 272
3.4493701457977295 271
3.4558708667755127 271
3.46142578125 269
3.467794179916382 268
3.4730124473571777 266
3.4791901111602783 264
3.488924026489258 260
3.497358798980713 257
3.502739191055298 254
3.509019374847412 251
3.515275478363037 250
3.5217442512512207 249
3.527914524078369 248
3.5331735610961914 247
3.5391368865966797 247
3.5453953742980957 247
3.552006721496582 248
3.5581583976745605 249
3.5633811950683594 250
3.56935453414917 252
3.575840711593628 254
3.5813515186309814 256
3.5877065658569336 259
3.592844009399414 261
3.6003520488739014 264
3.6064844131469727 267
3.612264394760132 269
3.6184468269348145 270
3.6246650218963623 272
3.6300854682922363 272
3.636234998703003 273
3.64201021194458 273
3.648955821990967 272
3.656156301498413 271
3.6617379188537598 270
3.6679396629333496 269
3.673203229904175 267
3.6791586875915527 265
3.685391902923584 262
3.690903425216675 260
3.697338581085205 257
3.7046501636505127 254
3.7100677490234375 252
3.7161738872528076 251
3.7218241691589355 249
3.7279551029205322 249
3.7331745624542236 248
3.7392935752868652 248
3.7457704544067383 249
3.7521965503692627 249
3.7585644721984863 250
3.764791488647461 253
3.7702910900115967 254
3.7762904167175293 256
3.781895160675049 258
3.7880873680114746 261
3.793344259262085 263
3.80057430267334 267
3.8066418170928955 269
3.812281847000122 269
3.818617820739746 271
3.824854850769043 271
3.830360174179077 271
3.836385488510132 271
3.8419923782348633 271
3.848151445388794 270
3.8552067279815674 269
3.860713243484497 267
3.8667354583740234 265
3.872504234313965 263
3.878801107406616 260
3.889094829559326 256
3.895378351211548 253
3.902156352996826 251
3.9085137844085693 250
3.9146835803985596 249
3.920316219329834 248
3.926356077194214 248
3.931992530822754 248
3.938300371170044 249
3.9440736770629883 249
3.949693441390991 251
3.9567253589630127 253
3.9623398780822754 255
3.9684810638427734 257
3.9746968746185303 260
3.980123996734619 262
3.986234188079834 265
3.991842746734619 267
3.9981722831726074 269
4.005215406417847 271
4.010725498199463 271
4.016735315322876 272
4.0223894119262695 272
4.028562784194946 271
4.034777402877808 271
4.040273904800415 270
4.046320199966431 269
4.051944732666016 267
4.059028625488281 264
4.065245628356934 262
4.070766925811768 259
4.076981067657471 256
4.082412242889404 255
4.088575839996338 253
4.094802141189575 251
4.10030198097229 250
4.107342004776001 249
4.112725496292114 249
4.1190268993377686 249
4.125265836715698 249
4.130908489227295 250
4.1371543407440186 251
4.142497777938843 253
4.149132013320923 255
4.155365228652954 257
4.161905288696289 260
4.168086290359497 263
4.173376798629761 265
4.179880857467651 267
4.186031103134155 269
4.191413164138794 270
4.197826385498047 271
4.203097105026245 271
4.2103800773620605 271
4.2164177894592285 271
4.222032070159912 270
4.228203773498535 269
4.234025716781616 268
4.24000883102417 266
4.246122360229492 264
4.251733303070068 262
4.258739709854126 258
4.265075445175171 256
4.27060079574585 253
4.276595830917358 252
4.282203435897827 251
4.292759418487549 249
4.29911208152771 249
4.305343151092529 249
4.312190771102905 249
4.318485260009766 251
4.324689865112305 252
4.330093860626221 253
4.336177587509155 255
4.341738224029541 257
4.347869634628296 260
4.353172302246094 263
4.3606390953063965 266
4.368342161178589 267
4.374557256698608 269
4.38002872467041 270
4.386120080947876 270
4.391904354095459 271
4.398055553436279 270
4.403280735015869 269
4.409268856048584 269
4.416468381881714 267
4.422251462936401 265
4.42842698097229 263
4.43464994430542 261
4.440121650695801 259
4.446227788925171 256
4.451828241348267 253
4.457926034927368 252
4.464919328689575 250
4.470402956008911 249
4.476426839828491 248
4.482291221618652 248
4.488432884216309 248
4.495063304901123 249
4.500568866729736 250
4.5065765380859375 251
4.513070106506348 253
4.519214153289795 255
4.5259668827056885 257
4.531420707702637 260
4.537988662719727 263
4.5433173179626465 265
4.5492939949035645 267
4.555761098861694 269
4.561016321182251 270
4.568339824676514 271
4.574557542800903 271
4.579977989196777 271
4.586049556732178 271
4.591660499572754 271
4.597972869873047 269
4.60318660736084 268
4.60914945602417 266
4.633328437805176 256
4.639355421066284 253
4.645839691162109 251
4.651651620864868 250
4.6586408615112305 249
4.665877103805542 247
4.6711249351501465 247
4.677342653274536 247
4.682703733444214 247
4.692716836929321 249
4.698986053466797 250
4.705288410186768 252
4.710930109024048 254
4.718455076217651 256
4.724636077880859 259
4.730093717575073 262
4.736253023147583 265
4.7419257164001465 267
4.748128652572632 269
4.753382205963135 271
4.759377956390381 271
4.766613245010376 273
4.772275686264038 273
4.778610944747925 273
4.784836053848267 272
4.790348291397095 271
4.79647159576416 270
4.802115440368652 269
4.808281183242798 267
4.814090728759766 265
4.8208372592926025 262
4.827118396759033 259
4.832493543624878 257
4.838766813278198 254
4.844953775405884 251
4.8504557609558105 251
4.856513738632202 249
4.862102270126343 248
4.868985652923584 247
4.875237703323364 247
4.8807432651519775 248
4.886739730834961 248
4.892323732376099 249
4.898603439331055 250
4.9048357009887695 253
4.9105284214019775 255
4.916551351547241 257
4.923159837722778 259
4.929154396057129 262
4.93540620803833 265
4.9409332275390625 267
4.94719672203064 269
4.952559471130371 270
4.958830118179321 271
4.96503210067749 271
4.971657752990723 271
4.977826118469238 271
4.983047962188721 271
4.98904013633728 269
4.995323657989502 268
5.000832557678223 267
5.007106065750122 265
5.012452840805054 263
5.018779277801514 260
5.02600359916687 257
5.031424522399902 255
5.037993669509888 253
5.043257474899292 251
5.049255609512329 249
5.0554423332214355 249
5.060932397842407 248
5.067181587219238 248
5.0733983516693115 249
5.079971551895142 249
5.0860559940338135 251
5.095982313156128 253
5.101715564727783 255
5.108015060424805 257
5.113273620605469 260
5.1194188594818115 263
5.126749753952026 266
5.13236403465271 267
5.1386802196502686 269
5.144912958145142 270
5.150426387786865 271
5.156485557556152 271
5.162071228027344 271
5.168385028839111 271
5.175421476364136 270
5.180968284606934 269
5.187225103378296 267
5.192598104476929 266
5.198897838592529 264
5.2051169872283936 261
5.210589170455933 259
5.216611385345459 256
5.222204685211182 254
5.229067802429199 252
5.235276699066162 251
5.2407824993133545 249
5.24700403213501 249
5.2524096965789795 249
5.258747100830078 249
5.264951705932617 249
5.270453929901123 250
5.277743577957153 252
5.282842636108398 253
5.289025783538818 255
5.295243501663208 258
5.300928592681885 261
5.307177305221558 263
5.31257700920105 265
5.318802118301392 267
5.326007127761841 269
5.33140754699707 269
5.337774991989136 270
5.34286904335022 271
5.3490355014801025 270
5.355271339416504 270
5.3608012199401855 269
5.367039680480957 267
5.372445344924927 267
5.379377603530884 264
5.385850429534912 262
5.391318082809448 259
5.397691249847412 257
5.4030468463897705 254
5.409054279327393 253
5.4152512550354 251
5.420754909515381 250
5.428150415420532 249
5.433404445648193 249
5.439847707748413 249
5.4460015296936035 250
5.4513843059539795 251
5.457781076431274 253
5.462990999221802 254
5.469011068344116 256
5.4752092361450195 259
5.4817821979522705 261
5.4907073974609375 265
5.4987311363220215 268
5.504974603652954 269
5.511056423187256 270
5.517452716827393 271
5.5228188037872314 271
5.530210733413696 271
5.5362865924835205 271
5.542374849319458 270
5.548570871353149 269
5.554763078689575 267
5.560470342636108 266
5.56648588180542 263
5.57210373878479 261
5.5782952308654785 258
5.58536171913147 255
5.590861558914185 253
5.5970680713653564 251
5.602480888366699 250
5.608637571334839 249
5.6148459911346436 248
5.620517730712891 248
5.626563787460327 248
5.633171319961548 249
5.639164686203003 250
5.6453752517700195 251
5.650946140289307 253
5.658095359802246 255
5.66336989402771 257
5.669355392456055 260
5.675860404968262 263
5.682473421096802 265
5.688784599304199 268
5.695054769515991 269
5.700637102127075 270
5.706637144088745 271
5.712256669998169 271
5.718433380126953 271
5.724695920944214 271
5.7301342487335205 270
5.737385272979736 269
5.742756128311157 267
5.748905897140503 266
5.755176782608032 264
5.760788917541504 261
5.767017602920532 259
5.772372722625732 257
5.778507471084595 255
5.785409212112427 252
5.790903091430664 251
5.797308683395386 249
5.802666664123535 249
5.808786153793335 249
5.81501841545105 249
5.820698499679565 249
5.8267107009887695 250
5.8331687450408936 251
5.839144945144653 253
5.845386743545532 255
5.850872993469238 257
5.8572375774383545 260
5.862592935562134 263
5.8687825202941895 265
5.875025749206543 267
5.880545377731323 269
5.887794494628906 270
5.898183584213257 272
5.904982089996338 272
5.910683870315552 271
5.916683673858643 271
5.922548532485962 270
5.928677558898926 268
5.935854434967041 267
5.941088438034058 265
5.947688102722168 262
5.952816009521484 260
5.958963394165039 257
5.965224266052246 255
5.970743179321289 253
5.976728677749634 251
5.982467412948608 251
5.9893739223480225 249
5.995879650115967 249
6.001116037368774 249
6.007356405258179 250
6.012698411941528 251
6.018808841705322 252
6.025063991546631 254
6.030613422393799 256
6.038005590438843 258
6.043260097503662 261
6.049262762069702 263
6.055755853652954 265
6.061004877090454 267
6.0672926902771 269
6.072643518447876 269
6.078935384750366 270
6.08524751663208 271
6.091939449310303 270
6.098249197006226 270
6.104084014892578 269
6.109740734100342 267
6.116029500961304 266
6.121436595916748 264
6.127805233001709 262
6.133063554763794 259
6.140316724777222 257
6.14642596244812 254
6.151995897293091 253
6.158275604248047 251
6.164088249206543 250
6.169729232788086 249
6.176006555557251 249
6.18138861656189 249
6.187759876251221 250
6.194794416427612 251
6.200282573699951 252
6.206355810165405 255
6.212087392807007 256
6.218361139297485 258
6.224561929702759 261
6.230010271072388 263
6.236182928085327 266
6.24261474609375 268
6.248727321624756 269
6.254945516586304 270
6.260469436645508 271
6.266525983810425 271
6.272099733352661 271
6.278453588485718 270
6.284701824188232 269
6.2951340675354 266
6.300802230834961 265
6.307177543640137 262
6.312533617019653 260
6.318817615509033 257
6.3250579833984375 255
6.330549955368042 253
6.336518287658691 251
6.343179941177368 250
6.349156618118286 249
6.355395793914795 249
6.3609068393707275 249
6.3671064376831055 250
6.372477054595947 250
6.378633737564087 251
6.3848536014556885 253
6.390317678451538 255
6.397818565368652 258
6.403092384338379 260
6.409070730209351 263
6.4153664112091064 265
6.420885801315308 267
6.427109479904175 269
6.432500123977661 269
6.438643455505371 270
6.446008205413818 270
6.4513840675354 270
6.457924842834473 270
6.463183879852295 269
6.469325542449951 267
6.47584080696106 266
6.481078147888184 264
6.487316131591797 262
6.494128704071045 259
6.49991512298584 257
6.506096839904785 254
6.511450290679932 252
6.517975330352783 251
6.523231029510498 249
6.529283046722412 249
6.53576922416687 249
6.540999412536621 249
6.5482871532440186 249
6.5540711879730225 249
6.55972957611084 251
6.566018581390381 252
6.571400880813599 254
6.577947616577148 256
6.58317494392395 258
6.589135408401489 261
6.596447706222534 264
6.602267503738403 266
6.608402490615845 268
6.61456561088562 269
6.619975566864014 270
6.626115322113037 271
6.63286018371582 271
6.64332127571106 270
6.651085615158081 269
6.6590447425842285 267
6.666045665740967 265
6.672572374343872 263
6.679227352142334 259
6.687437057495117 257
6.69780158996582 252
6.703090190887451 251
6.711052656173706 249
6.716477870941162 248
6.722529649734497 247
6.7303338050842285 247
6.73639988899231 247
6.744317531585693 248
6.750383377075195 249
6.758597135543823 251
6.764858722686768 254
6.77032995223999 255
6.777139186859131 259
6.782522916793823 260
6.788677930831909 264
6.794964790344238 267
6.800510883331299 268
6.8065454959869385 270
6.813012361526489 271
6.819174766540527 272
6.825713872909546 272
6.830995559692383 272
6.8371922969818115 271
6.8425397872924805 270
6.848663568496704 269
6.854934453964233 267
6.861708879470825 265
6.86786961555481 263
6.873109579086304 261
6.87923789024353 258
6.885705232620239 255
6.890959739685059 253
6.897184371948242 251
6.902547359466553 250
6.909444093704224 249
6.915982246398926 248
6.921365976333618 248
6.932713747024536 249
6.939023494720459 250
6.945228815078735 251
6.950745582580566 253
6.956726312637329 255
6.963197469711304 257
6.969148874282837 259
6.975438594818115 262
6.980955600738525 265
6.9873857498168945 267
6.992755174636841 268
6.999053478240967 269
7.005300283432007 270
