0.02063465118408203 0
0.027414798736572266 0
0.038605451583862305 2
0.045577287673950195 3
0.05126500129699707 5
0.05886197090148926 7
0.06534767150878906 10
0.07058143615722656 13
0.07883453369140625 16
0.08528637886047363 19
0.0906832218170166 23
0.09821271896362305 26
0.10446548461914062 31
0.11148810386657715 34
0.11763405799865723 38
0.1258687973022461 45
0.13163256645202637 47
0.13786077499389648 52
0.14375567436218262 57
0.15085196495056152 62
0.1583719253540039 67
0.16465497016906738 72
0.17021489143371582 78
0.17855215072631836 83
0.18484854698181152 87
0.1903989315032959 91
0.1983189582824707 97
0.20458483695983887 102
0.2103285789489746 108
0.218611478805542 112
0.22491002082824707 117
0.23046422004699707 121
0.23699307441711426 127
0.24564409255981445 131
0.25127148628234863 135
0.25771641731262207 139
0.26580214500427246 144
0.271620512008667 147
0.27784252166748047 151
0.28626155853271484 157
0.2919132709503174 159
0.2981276512145996 163
0.30611371994018555 169
0.31179308891296387 171
0.31803011894226074 174
0.32604479789733887 179
0.33185529708862305 181
0.33811450004577637 184
0.3455216884613037 187
0.35095715522766113 190
0.35736775398254395 193
0.36266398429870605 195
0.36869025230407715 198
0.37525081634521484 200
0.38054370880126953 202
0.3869798183441162 205
0.394270658493042 207
0.3997764587402344 209
0.4058670997619629 210
0.41153979301452637 212
0.4177384376525879 214
0.423250675201416 216
0.428987979888916 217
0.44019007682800293 221
0.44773173332214355 222
0.4535791873931885 223
0.4595677852630615 225
0.46574950218200684 226
0.47152185440063477 227
0.47770047187805176 228
0.4829704761505127 229
0.4889540672302246 231
0.49617600440979004 232
0.5018603801727295 233
0.508197546005249 233
0.5144093036651611 235
0.5201332569122314 235
0.5261855125427246 236
0.5318093299865723 237
0.5380184650421143 237
0.5442500114440918 239
0.5505642890930176 239
0.556812047958374 240
0.5621757507324219 241
0.5685145854949951 241
0.5747950077056885 241
0.580341100692749 242
0.5863320827484131 243
0.5919826030731201 243
0.5988967418670654 244
0.6053431034088135 244
0.6105999946594238 245
0.616847038269043 245
0.6221911907196045 245
0.6285088062286377 246
0.6347622871398926 246
0.6402559280395508 246
0.6476972103118896 247
0.6530096530914307 247
0.6589634418487549 247
0.6654307842254639 247
0.6706831455230713 248
0.6769099235534668 248
0.6822869777679443 248
0.6885907649993896 249
0.6948471069335938 249
0.7015182971954346 249
0.707716703414917 249
0.7129480838775635 249
0.7189464569091797 249
0.725412130355835 250
0.7306451797485352 250
0.7368929386138916 250
0.7422678470611572 250
0.7498505115509033 250
0.7558748722076416 251
0.7615079879760742 251
0.7676770687103271 251
0.7728979587554932 251
0.7792792320251465 251
0.785536527633667 251
0.7909336090087891 251
0.7972815036773682 251
0.8042957782745361 251
0.8099691867828369 251
0.8159937858581543 251
0.8216128349304199 251
0.8279023170471191 252
0.8383538722991943 252
0.8445620536804199 252
0.8513541221618652 252
0.8576605319976807 252
0.8629100322723389 252
0.8694462776184082 252
0.8756048679351807 252
0.8809850215911865 252
0.8875477313995361 252
0.8927984237670898 252
0.8988220691680908 252
0.9061112403869629 252
0.9119138717651367 252
0.9180901050567627 252
0.9242656230926514 252
0.9299154281616211 252
0.9359586238861084 252
0.9416110515594482 252
0.9477856159210205 252
0.9548239707946777 252
0.9603545665740967 252
0.9666168689727783 252
0.9720203876495361 252
0.9781496524810791 252
0.9843475818634033 252
0.9900271892547607 252
0.996035099029541 252
1.002413272857666 252
1.0085668563842773 252
1.0148348808288574 252
1.0203464031219482 252
1.0263152122497559 252
1.0319385528564453 252
1.038252830505371 252
1.0444316864013672 252
1.0500881671905518 252
1.0573835372924805 252
1.06260347366333 252
1.0685734748840332 252
1.074781894683838 252
1.0802526473999023 252
1.0862815380096436 252
1.0918734073638916 252
1.0980355739593506 252
1.1049988269805908 252
1.110656976699829 252
1.1168947219848633 252
1.122230052947998 252
1.128377914428711 252
1.1346020698547363 252
1.1400823593139648 252
1.1461262702941895 252
1.151766061782837 252
1.1586687564849854 252
1.1648931503295898 252
1.1706106662750244 252
1.1768221855163574 252
1.1821544170379639 252
1.1882319450378418 252
1.1944518089294434 252
1.199950933456421 252
1.2068922519683838 252
1.2122611999511719 252
1.218400001525879 252
1.2246041297912598 252
1.230273723602295 252
1.2402722835540771 252
1.2462997436523438 252
1.2520508766174316 252
1.2594170570373535 252
1.2655537128448486 252
1.271338939666748 252
1.2774968147277832 252
1.2827003002166748 252
1.2888648509979248 252
1.295377254486084 252
1.300926685333252 252
1.3080291748046875 252
1.314218282699585 252
1.3196392059326172 252
1.3257195949554443 252
1.3313443660736084 252
1.337484359741211 252
1.3427248001098633 252
1.3488779067993164 252
1.355355978012085 252
1.3617961406707764 252
1.3679451942443848 252
1.3741328716278076 252
1.3795909881591797 252
1.3856847286224365 252
1.3912713527679443 252
1.397435188293457 252
1.4026727676391602 252
1.4101150035858154 252
1.4161176681518555 252
1.4217853546142578 252
1.4281270503997803 252
1.4342823028564453 252
1.4396674633026123 252
1.445755958557129 252
1.4513194561004639 252
1.4574930667877197 252
1.464552640914917 252
1.4702229499816895 252
1.4761970043182373 252
1.4818453788757324 252
1.4879951477050781 252
1.4942207336425781 252
1.499845027923584 252
1.5058836936950684 252
1.5122613906860352 252
1.5183932781219482 252
1.5246143341064453 252
1.5303034782409668 252
1.5362951755523682 252
1.5418651103973389 252
1.548025131225586 252
1.5542280673980713 252
1.5598938465118408 252
1.5668728351593018 252
1.5722346305847168 252
1.5783796310424805 252
1.5845961570739746 252
1.5902698040008545 252
1.596264123916626 252
1.601879358291626 252
1.608031988143921 252
1.615001916885376 252
1.6205089092254639 252
1.6267006397247314 252
1.6320624351501465 252
1.641996145248413 252
1.648420810699463 252
1.6546268463134766 252
1.6602463722229004 252
1.667710542678833 252
1.672947645187378 252
1.6789367198944092 252
1.685352087020874 252
1.6908891201019287 252
1.6969823837280273 252
1.7023687362670898 252
1.7085998058319092 252
1.7158012390136719 252
1.7214291095733643 252
1.7275416851043701 252
1.7327427864074707 252
1.738736629486084 252
1.7449486255645752 252
1.7504525184631348 252
1.7566795349121094 252
1.7620394229888916 252
1.7689802646636963 252
1.7754347324371338 252
1.7806529998779297 252
1.7869281768798828 252
1.7922847270965576 252
1.798426866531372 252
1.8046088218688965 252
1.810082197189331 252
1.817530870437622 252
1.8227477073669434 252
1.8289296627044678 252
1.8360345363616943 252
1.8416495323181152 252
1.8478026390075684 252
1.853607177734375 252
1.8589997291564941 252
1.8662121295928955 252
1.8718559741973877 252
1.8779926300048828 252
1.8842220306396484 252
1.8898770809173584 252
1.8958823680877686 252
1.9014687538146973 252
1.907634973526001 252
1.912874460220337 252
1.9201269149780273 252
1.9261298179626465 252
1.931734323501587 252
1.9379212856292725 252
1.9441208839416504 252
1.9497077465057373 252
1.9557876586914062 252
1.961378574371338 252
1.9683339595794678 252
1.9745557308197021 252
1.9800264835357666 252
1.9860258102416992 252
1.991621494293213 252
1.9977500438690186 252
2.005408763885498 252
2.010946750640869 252
2.017280101776123 252
2.024341344833374 252
2.0297696590423584 252
2.03580379486084 252
2.045682430267334 252
2.051422595977783 252
2.057704448699951 252
2.062944173812866 252
2.070472240447998 252
2.0768396854400635 252
2.0821943283081055 252
2.0882821083068848 252
2.0944807529449463 252
2.0999958515167236 252
2.1059818267822266 252
2.1116116046905518 252
2.1178548336029053 252
2.1248693466186523 252
2.1305274963378906 252
2.1367580890655518 252
2.1421360969543457 252
2.1482274532318115 252
2.1544084548950195 252
2.159886360168457 252
2.1659092903137207 252
2.1723172664642334 252
2.178481340408325 252
2.1846563816070557 252
2.190316915512085 252
2.196315050125122 252
2.201939344406128 252
2.2082338333129883 252
2.214440107345581 252
2.219994306564331 252
2.2272934913635254 252
2.2324347496032715 252
2.2385494709014893 252
2.2505691051483154 252
2.256810188293457 252
2.2621819972991943 252
2.2682838439941406 252
2.2755284309387207 252
2.2809462547302246 252
2.287271022796631 252
2.292391777038574 252
2.2984979152679443 252
2.3048601150512695 252
2.3105225563049316 252
2.3167564868927 252
2.3230152130126953 252
2.328979253768921 252
2.33542799949646 252
2.340956211090088 252
2.3472936153411865 252
2.35258412361145 252
2.358569622039795 252
2.3647751808166504 252
2.3704190254211426 252
2.3775601387023926 252
2.382807731628418 252
2.3887736797332764 252
2.394998073577881 252
2.4005234241485596 252
2.4067776203155518 252
2.4121317863464355 252
2.4182333946228027 252
2.4253647327423096 252
2.430908203125 252
2.437004566192627 252
2.447514533996582 252
2.452758550643921 252
2.4588778018951416 252
2.4653515815734863 252
2.4712374210357666 252
2.4781832695007324 252
2.484400510787964 252
2.490067958831787 252
2.4960827827453613 252
2.501687526702881 252
2.5078165531158447 252
2.513627052307129 252
2.5190024375915527 252
2.5262069702148438 252
2.5318443775177 252
2.5380425453186035 252
2.5442256927490234 252
2.5498695373535156 252
2.555875301361084 252
2.561488389968872 252
2.5676257610321045 252
2.5728566646575928 252
2.58016037940979 252
2.5861423015594482 252
2.5918073654174805 252
2.598125696182251 252
2.604360342025757 252
2.610044240951538 252
2.6160385608673096 252
2.621643543243408 252
2.6285839080810547 252
2.634809970855713 252
2.6402900218963623 252
2.6462957859039307 252
2.651912212371826 252
2.6580402851104736 252
2.6642086505889893 252
2.6698522567749023 252
2.675884485244751 252
2.682356834411621 252
2.688448667526245 252
2.6947014331817627 252
2.700185537338257 252
2.7061820030212402 252
2.7118117809295654 252
2.717953681945801 252
2.724165916442871 252
2.7306697368621826 252
2.7368969917297363 252
2.7422728538513184 252
2.7484068870544434 252
2.754589080810547 252
2.7600672245025635 252
2.766087532043457 252
2.7716591358184814 252
2.777850866317749 252
2.7857253551483154 252
2.7915196418762207 252
2.7976560592651367 252
2.8029017448425293 252
2.8088607788085938 252
2.8152480125427246 252
2.8205180168151855 252
2.8267242908477783 252
2.834670066833496 252
2.8429081439971924 252
2.850368022918701 252
2.8563308715820312 252
2.862157106399536 252
2.868358612060547 252
2.874582529067993 252
2.8800742626190186 252
2.8873791694641113 252
2.8926141262054443 252
2.898637056350708 252
2.9110169410705566 252
2.921912908554077 252
2.9315261840820312 252
2.9386088848114014 252
2.947326898574829 252
2.9526026248931885 252
2.9585983753204346 252
2.966935873031616 252
2.972308874130249 252
2.978816032409668 252
2.986013174057007 252
2.9918019771575928 252
2.9979615211486816 252
3.0041773319244385 252
3.0096044540405273 252
3.0162508487701416 252
3.0218331813812256 252
3.0281529426574707 252
3.0352725982666016 252
3.0405256748199463 252
3.0467708110809326 252
3.052103042602539 252
3.05820631980896 252
3.0644259452819824 252
3.0698955059051514 252
3.0758986473083496 252
3.0814921855926514 252
3.088576555252075 252
3.0948266983032227 252
3.1003119945526123 252
3.106293201446533 252
3.1118664741516113 252
3.1181693077087402 252
3.124392509460449 252
3.129878282546997 252
3.1369147300720215 252
3.142301321029663 252
3.148559808731079 252
3.154810667037964 252
3.1603174209594727 252
3.1663031578063965 252
3.1718802452087402 252
3.1780693531036377 252
3.1842639446258545 252
3.1906020641326904 252
3.196812868118286 252
3.2021474838256836 252
3.2083780765533447 252
3.2145798206329346 252
3.2200918197631836 252
3.22609281539917 252
3.2316765785217285 252
3.2385783195495605 252
3.2485969066619873 252
3.254788637161255 252
3.26043438911438 252
3.2668724060058594 252
3.2722208499908447 252
3.2783737182617188 252
3.284585952758789 252
3.2912399768829346 252
3.297433376312256 252
3.302675247192383 252
3.308681011199951 252
3.3149096965789795 252
3.3203868865966797 252
3.3267085552215576 252
3.332099437713623 252
3.338986396789551 252
3.3454928398132324 252
3.350870132446289 252
3.3569517135620117 252
3.3622984886169434 252
3.3684372901916504 252
3.374642848968506 252
3.380307674407959 252
3.3862898349761963 252
3.392920732498169 252
3.3989109992980957 252
3.405341625213623 252
3.4105710983276367 252
3.4167797565460205 252
3.4221222400665283 252
3.4282400608062744 252
3.4344396591186523 252
3.43989634513855 252
3.447246789932251 252
3.452352523803711 252
3.4584836959838867 252
3.464653253555298 252
3.4701590538024902 252
3.4761412143707275 252
3.481729745864868 252
3.4878859519958496 252
3.4949381351470947 252
3.500476360321045 252
3.506871461868286 252
3.5122203826904297 252
3.518428325653076 252
3.524606466293335 252
3.530080795288086 252
3.5361106395721436 252
3.5425925254821777 252
3.548614501953125 252
3.554809093475342 252
3.5603203773498535 252
3.566302537918091 252
3.5720372200012207 252
3.578207492828369 252
3.5843944549560547 252
3.5898656845092773 252
3.5969085693359375 252
3.6022720336914062 252
3.6084136962890625 252
3.614593029022217 252
3.6200878620147705 252
3.626108169555664 252
3.6318421363830566 252
3.638173818588257 252
3.6481730937957764 252
3.6553943157196045 252
3.660907030105591 252
3.667447566986084 252
3.6727113723754883 252
3.6788582801818848 252
3.685350179672241 252
3.6908955574035645 252
3.698068857192993 252
3.704253673553467 252
3.709693670272827 252
3.715768814086914 252
3.7263050079345703 252
3.732036590576172 252
3.7382850646972656 252
3.744497060775757 252
3.7512435913085938 252
3.7574079036712646 252
3.7626304626464844 252
3.768761157989502 252
3.77580189704895 252
3.7813894748687744 252
3.78753662109375 252
3.7927844524383545 252
3.8000648021698 252
3.8060684204101562 252
3.8118185997009277 252
3.8179922103881836 252
3.8241660594940186 252
3.8296959400177 252
3.836637258529663 252
3.842047929763794 252
3.8488376140594482 252
3.8552496433258057 252
3.8605215549468994 252
3.866912603378296 252
3.8722541332244873 252
3.8783867359161377 252
3.8845767974853516 252
3.8900809288024902 252
3.8961145877838135 252
3.902808904647827 252
3.9087488651275635 252
3.9149580001831055 252
3.920506477355957 252
3.926879405975342 252
3.9322338104248047 252
3.9384114742279053 252
3.944624185562134 252
3.9512503147125244 252
3.957397699356079 252
3.9626529216766357 252
3.9686155319213867 252
3.974855661392212 252
3.9803876876831055 252
3.986752986907959 252
3.992105484008789 252
3.9982142448425293 252
4.005512475967407 252
4.010901927947998 252
4.017005681991577 252
4.022347450256348 252
4.028619289398193 252
4.0348145961761475 252
4.040334939956665 252
4.051400184631348 252
4.0576863288879395 252
4.062882661819458 252
4.068966627120972 252
4.075445890426636 252
4.080937385559082 252
4.087325572967529 252
4.092550039291382 252
4.098700046539307 252
4.106006622314453 252
4.111819505691528 252
4.117942571640015 252
4.1237101554870605 252
4.1293158531188965 252
4.135536432266235 252
4.140899181365967 252
4.147245645523071 252
4.154167890548706 252
4.159825563430786 252
4.16588282585144 252
4.1716673374176025 252
4.177809238433838 252
4.183258533477783 252
4.1889448165893555 252
4.195401668548584 252
4.200619697570801 252
4.207927942276001 252
4.213702201843262 252
4.219407796859741 252
4.225547552108765 252
4.23130464553833 252
4.237506628036499 252
4.242746353149414 252
4.2503979206085205 252
4.257602214813232 252
4.262852668762207 252
4.26881217956543 252
4.274994611740112 252
4.280499696731567 252
4.286862373352051 252
4.292181491851807 252
4.298295259475708 252
4.305410861968994 252
4.310646057128906 252
4.316871166229248 252
4.322206497192383 252
4.328330993652344 252
4.3345232009887695 252
4.340014219284058 252
4.346008062362671 252
4.351791143417358 252
4.3587257862091064 252
4.364953994750977 252
4.370445728302002 252
4.376648664474487 252
4.38197922706604 252
4.388108015060425 252
4.39426064491272 252
4.3996453285217285 252
4.4067347049713135 252
4.41212010383606 252
4.4184205532073975 252
4.424602270126343 252
4.4300856590271 252
4.436186075210571 252
4.4417970180511475 252
4.451786994934082 252
4.4588236808776855 252
4.465254783630371 252
4.470930099487305 252
4.477407693862915 252
4.48262357711792 252
4.488591909408569 252
4.494818449020386 252
4.500361442565918 252
4.5126001834869385 252
4.51860499382019 252
4.524797677993774 252
4.530435562133789 252
4.536657094955444 252
4.542056083679199 252
4.548344612121582 252
4.554537296295166 252
4.560968399047852 252
4.567359447479248 252
4.572593927383423 252
4.578593492507935 252
4.584831476211548 252
4.5904786586761475 252
4.596689939498901 252
4.602062702178955 252
4.608986139297485 252
4.615506410598755 252
4.620851516723633 252
4.626923322677612 252
4.632268667221069 252
4.638388156890869 252
4.644590854644775 252
4.650250673294067 252
4.656267404556274 252
4.662820100784302 252
4.668813467025757 252
4.675015926361084 252
4.6806700229644775 252
4.686892986297607 252
4.692237615585327 252
4.6984031200408936 252
4.704596757888794 252
4.711358547210693 252
4.7175281047821045 252
4.7227253913879395 252
4.728750705718994 252
4.734982967376709 252
4.740641832351685 252
4.746859788894653 252
4.75219202041626 252
4.75827169418335 252
4.765532732009888 252
4.77130126953125 252
4.777437686920166 252
4.782656669616699 252
4.78862452507019 252
4.794878959655762 252
4.800385475158691 252
4.806758165359497 252
4.812888860702515 252
4.829977750778198 252
4.838611602783203 252
4.845511198043823 252
4.852029800415039 252
4.86203670501709 252
4.869893550872803 252
4.877681016921997 252
4.882951974868774 252
4.889605760574341 252
4.896018028259277 252
4.902099609375 252
4.910207509994507 252
4.917285203933716 252
4.923509836196899 252
4.928832292556763 252
4.937846660614014 252
4.943691730499268 252
4.949641704559326 252
4.956223726272583 252
4.961817264556885 252
4.967962741851807 252
4.974169492721558 252
4.979617118835449 252
4.985677003860474 252
4.992031574249268 252
4.998156309127808 252
5.004388093948364 252
5.010061264038086 252
5.016039133071899 252
5.021615266799927 252
5.027725458145142 252
5.032960414886475 252
5.040221214294434 252
5.046193361282349 252
5.05180549621582 252
5.05793833732605 252
5.064129590988159 252
5.069803953170776 252
5.07586669921875 252
5.081465244293213 252
5.08755898475647 252
5.094595193862915 252
5.100078821182251 252
5.106163501739502 252
5.111785888671875 252
5.117944955825806 252
5.124125957489014 252
5.129657745361328 252
5.135751247406006 252
5.142197132110596 252
5.148315906524658 252
5.1545493602752686 252
5.160030126571655 252
5.166029691696167 252
5.171671628952026 252
5.177794456481934 252
5.183648109436035 252
5.189580917358398 252
5.196829795837402 252
5.202166318893433 252
5.208240270614624 252
5.214470148086548 252
5.219927549362183 252
5.225985050201416 252
5.2315590381622314 252
5.237697601318359 252
5.244724988937378 252
5.254717588424683 252
5.260336399078369 252
5.266315937042236 252
5.272090673446655 252
5.278326034545898 252
5.284527778625488 252
5.290328502655029 252
5.29785418510437 252
5.303664207458496 252
5.309638977050781 252
5.315744161605835 252
5.321313381195068 252
5.32767128944397 252
5.332890272140503 252
5.3388354778289795 252
5.346067190170288 252
5.351639032363892 252
5.3577656745910645 252
5.363017797470093 252
5.369454383850098 252
5.3755669593811035 252
5.384531736373901 252
5.395808935165405 252
5.401366472244263 252
5.407494068145752 252
5.412710189819336 252
5.418730974197388 252
5.424939155578613 252
5.4306395053863525 252
5.436848163604736 252
5.442163944244385 252
5.449011325836182 252
5.455483436584473 252
5.461225271224976 252
5.467382907867432 252
5.472592830657959 252
5.478610277175903 252
5.484837055206299 252
5.490491151809692 252
5.497729778289795 252
5.502934455871582 252
5.50893235206604 252
5.515347957611084 252
5.520566940307617 252
5.52679705619812 252
5.532141923904419 252
5.5382468700408936 252
5.544446229934692 252
5.550982475280762 252
5.557369709014893 252
5.562591075897217 252
5.568581581115723 252
5.574849605560303 252
5.5803492069244385 252
5.5863072872161865 252
5.59204363822937 252
5.598989248275757 252
5.605441331863403 252
5.610938310623169 252
5.617246627807617 252
5.622353553771973 252
5.6284706592559814 252
5.6346564292907715 252
5.640141725540161 252
5.6461474895477295 252
5.6575703620910645 252
5.662819147109985 252
5.66925573348999 252
5.675488471984863 252
5.681015253067017 252
5.68739128112793 252
5.692589998245239 252
5.6998631954193115 252
5.705874919891357 252
5.711474180221558 252
5.717796564102173 252
5.723584413528442 252
5.729534149169922 252
5.735588312149048 252
5.7409508228302 252
5.747315883636475 252
5.754346132278442 252
5.7598326206207275 252
5.7658631801605225 252
5.771509647369385 252
5.777757883071899 252
5.783013582229614 252
5.789462327957153 252
5.795685768127441 252
5.802100658416748 252
5.808242559432983 252
5.8144752979278564 252
5.81993293762207 252
5.825959920883179 252
5.832200765609741 252
5.838362693786621 252
5.844562292098999 252
5.851381301879883 252
5.857531547546387 252
5.862723350524902 252
5.868729591369629 252
5.8749566078186035 252
5.880465269088745 252
5.886680841445923 252
5.892040967941284 252
5.898171663284302 252
5.905463933944702 252
5.910956859588623 252
5.917288064956665 252
5.922360897064209 252
5.92852258682251 252
5.934752464294434 252
5.940245151519775 252
5.946258068084717 252
5.9527599811553955 252
5.9587624073028564 252
5.965013027191162 252
5.97063422203064 252
5.977019548416138 252
5.982372999191284 252
5.988543510437012 252
5.994767189025879 252
6.0002875328063965 252
6.007583856582642 252
6.012808322906494 252
6.018839359283447 252
6.025254487991333 252
6.030672311782837 252
6.036869764328003 252
6.04222559928894 252
6.048387765884399 252
6.059445858001709 252
6.065561056137085 252
6.071335315704346 252
6.077638149261475 252
6.082857370376587 252
6.088981866836548 252
6.0953850746154785 252
6.10062313079834 252
6.108008861541748 252
6.114224195480347 252
6.119637727737427 252
6.12570595741272 252
6.131288051605225 252
6.137405157089233 252
6.142625093460083 252
6.148749828338623 252
6.156001329421997 252
6.161606073379517 252
6.167745351791382 252
6.172967433929443 252
6.178933143615723 252
6.185374975204468 252
6.190592527389526 252
6.196805477142334 252
6.202163457870483 252
6.209470272064209 252
6.215594530105591 252
6.220965623855591 252
6.227349758148193 252
6.232544183731079 252
6.2386815547943115 252
6.244934558868408 252
6.250410079956055 252
6.257690906524658 252
6.262932538986206 252
6.269295692443848 252
6.275528192520142 252
6.280894756317139 252
6.287001132965088 252
6.292346477508545 252
6.298421382904053 252
6.304620265960693 252
6.310999870300293 252
6.317371845245361 252
6.322592496871948 252
6.328752756118774 252
6.334981679916382 252
6.340445518493652 252
6.346695423126221 252
6.352064847946167 252
6.358993768692017 252
6.365466594696045 252
6.370970726013184 252
6.3773510456085205 252
6.3825883865356445 252
6.388712644577026 252
6.39493727684021 252
6.400420904159546 252
6.406682968139648 252
6.412959814071655 252
6.418940305709839 252
6.425401926040649 252
6.430615425109863 252
6.436864614486694 252
6.44219183921814 252
6.4484333992004395 252
6.458557605743408 252
6.465758562088013 252
6.471519231796265 252
6.4778218269348145 252
6.483640909194946 252
6.489010334014893 252
6.4955034255981445 252
6.501229763031006 252
6.508653402328491 252
6.51596212387085 252
6.521526575088501 252
6.527688264846802 252
6.53289532661438 252
6.538848400115967 252
6.545288801193237 252
6.5505146980285645 252
6.556756258010864 252
6.562930107116699 252
6.569280385971069 252
6.5754852294921875 252
6.580864667892456 252
6.586961984634399 252
6.592317819595337 252
6.598425626754761 252
6.604639768600464 252
6.610120534896851 252
6.617420434951782 252
6.6226420402526855 252
6.628775596618652 252
6.634978294372559 252
6.640472888946533 252
6.646720886230469 252
6.6520795822143555 252
6.658245086669922 252
6.665458917617798 252
6.670680999755859 252
6.676915168762207 252
6.682300567626953 252
6.688570499420166 252
6.694796800613403 252
6.700361728668213 252
6.706585168838501 252
6.711965084075928 252
6.718794822692871 252
6.725001335144043 252
6.730475902557373 252
6.73671293258667 252
6.742058277130127 252
6.748347759246826 252
6.754563093185425 252
6.760243654251099 252
6.767513990402222 252
6.7727484703063965 252
6.778737306594849 252
6.784959077835083 252
6.790444612503052 252
6.796688556671143 252
6.802048683166504 252
6.814563989639282 252
6.821279287338257 252
6.827523946762085 252
6.834367036819458 252
6.839847564697266 252
6.845887184143066 252
6.851487159729004 252
6.861634016036987 252
6.868741512298584 252
6.874985456466675 252
6.880665302276611 252
6.887377023696899 252
6.8926122188568115 252
6.8986289501190186 252
6.904839754104614 252
6.910322427749634 252
6.916326284408569 252
6.92289662361145 252
6.928992986679077 252
6.935433626174927 252
6.940670728683472 252
6.946868658065796 252
6.952221393585205 252
6.958342552185059 252
6.964541673660278 252
6.970956325531006 252
6.9773759841918945 252
6.982615232467651 252
6.988745212554932 252
6.994977951049805 252
7.000467777252197 252
