0.018929481506347656 0
0.028290510177612305 -1
0.03630232810974121 -1
0.04397749900817871 0
0.0521087646484375 1
0.059694528579711914 3
0.06808280944824219 5
0.07682085037231445 9
0.08489584922790527 12
0.09253549575805664 16
0.10082077980041504 21
0.10885334014892578 25
0.11682271957397461 31
0.12609624862670898 35
0.13329577445983887 41
0.14129853248596191 46
0.1492624282836914 52
0.15770173072814941 57
0.1656627655029297 63
0.17302465438842773 69
0.18224716186523438 75
0.1940016746520996 84
0.20221471786499023 90
0.21042990684509277 96
0.21880412101745605 103
0.2280867099761963 110
0.23617172241210938 117
0.2434229850769043 123
0.2514324188232422 129
0.25938963890075684 136
0.26760315895080566 142
0.275592565536499 149
0.2850027084350586 157
0.29233241081237793 161
0.3003370761871338 168
0.3084907531738281 174
0.31655406951904297 181
0.32375407218933105 187
0.33280062675476074 194
0.34111618995666504 202
0.3492550849914551 209
0.35745930671691895 215
0.36543893814086914 221
0.37279629707336426 227
0.38172292709350586 235
0.3896059989929199 241
0.3982579708099365 248
0.40628671646118164 254
0.4135019779205322 261
0.4216184616088867 267
0.43078136444091797 274
0.4388272762298584 281
0.44679880142211914 289
0.4549992084503174 295
0.4625589847564697 300
0.4706912040710449 307
0.4788661003112793 315
0.4881575107574463 322
0.49616169929504395 328
0.5033919811248779 335
0.5113937854766846 341
0.5195858478546143 348
0.5281438827514648 354
0.5368976593017578 361
0.5451655387878418 366
0.5525805950164795 369
0.5607240200042725 372
0.5688393115997314 375
0.5855979919433594 378
0.6015725135803223 377
0.6122875213623047 375
0.6221325397491455 372
0.6297576427459717 369
0.6411004066467285 365
0.6491382122039795 359
0.6593062877655029 355
0.6677284240722656 351
0.678410530090332 345
0.687615156173706 338
0.6969122886657715 332
0.7053728103637695 326
0.7160146236419678 319
0.7231783866882324 314
0.7350125312805176 305
0.7426166534423828 301
0.7508063316345215 295
0.7640101909637451 284
0.7734584808349609 277
0.7861096858978271 267
0.7934455871582031 261
0.8015706539154053 252
0.8136434555053711 245
0.8253889083862305 236
0.8327794075012207 231
0.8444583415985107 222
0.8523190021514893 215
0.8604412078857422 209
0.8721582889556885 201
0.8822603225708008 196
0.8911011219024658 192
0.8990700244903564 189
0.9093008041381836 187
0.9175000190734863 186
0.9255969524383545 187
0.9420309066772461 188
0.9501845836639404 190
0.9585230350494385 193
0.9767072200775146 201
0.9848885536193848 204
1.0015313625335693 215
1.0102870464324951 219
1.0223331451416016 227
1.0305347442626953 233
1.0431649684906006 242
1.0536267757415771 249
1.0656189918518066 258
1.0731534957885742 264
1.0850183963775635 273
1.0937557220458984 279
1.104489803314209 287
1.112293004989624 293
1.1205971240997314 299
1.133176565170288 311
1.1425023078918457 316
1.1506078243255615 321
1.1586971282958984 325
1.1667428016662598 329
1.1749932765960693 331
1.1825878620147705 333
1.1914172172546387 334
1.1994571685791016 334
1.207627773284912 333
1.215590476989746 332
1.2229957580566406 330
1.2311460971832275 328
1.2393217086791992 325
1.2486331462860107 321
1.2566847801208496 317
1.2651033401489258 312
1.2725026607513428 309
1.2805771827697754 304
1.288663387298584 299
1.2977495193481445 293
1.305999994277954 287
1.313154935836792 282
1.3213136196136475 277
1.3293311595916748 271
1.3375718593597412 265
1.3466331958770752 259
1.3549509048461914 252
1.3625049591064453 247
1.372286081314087 240
1.3802235126495361 234
1.3885550498962402 227
1.4022767543792725 217
1.4105656147003174 211
1.418867826461792 204
1.4268875122070312 197
1.4351861476898193 190
1.4426674842834473 185
1.4515678882598877 178
1.4594018459320068 173
1.467637062072754 169
1.4756050109863281 165
1.4831490516662598 163
1.491241455078125 161
1.5003738403320312 159
1.5084929466247559 159
1.5164902210235596 159
1.524442195892334 160
1.5322153568267822 162
1.540379524230957 165
1.5492238998413086 168
1.5574512481689453 173
1.5712499618530273 179
1.5802290439605713 183
1.588850975036621 188
1.6000151634216309 195
1.6082634925842285 200
1.6176414489746094 207
1.6249287128448486 211
1.6327612400054932 217
1.6425189971923828 224
1.6524930000305176 231
1.6607615947723389 237
1.6708495616912842 247
1.6788678169250488 251
1.687561273574829 259
1.6955275535583496 265
1.7029025554656982 271
1.7110450267791748 277
1.7202236652374268 284
1.7283332347869873 290
1.736320972442627 297
1.74359130859375 303
1.7516465187072754 309
1.759474754333496 316
1.7676639556884766 322
1.7767071723937988 331
1.7851159572601318 337
1.795313835144043 347
1.8051929473876953 353
1.812772512435913 358
1.8222882747650146 366
1.8303239345550537 372
1.8386335372924805 377
1.8466465473175049 382
1.854933261871338 386
1.8623571395874023 389
1.8712542057037354 391
1.8792436122894287 393
1.8874881267547607 393
1.8954331874847412 393
1.902942419052124 392
1.9112045764923096 390
1.9192581176757812 388
1.9285151958465576 385
1.936600685119629 381
1.9448277950286865 378
1.952239990234375 374
1.960519790649414 369
1.968573808670044 365
1.9776520729064941 359
1.9857406616210938 353
1.9931116104125977 348
2.00126314163208 343
2.01094913482666 336
2.019108295440674 330
2.028334379196167 325
2.0364573001861572 319
2.04443359375 313
2.0522468090057373 307
2.06021785736084 301
2.068411350250244 295
2.077554702758789 287
2.0855369567871094 281
2.0929696559906006 275
2.101154088973999 268
2.10917592048645 262
2.1174588203430176 256
2.1264543533325195 249
2.1336982250213623 243
2.1422104835510254 237
2.150161027908325 230
2.1583547592163086 224
2.166368007659912 217
2.1753666400909424 209
2.1827948093414307 205
2.1909432411193848 197
2.203155755996704 187
2.2114012241363525 181
2.2196030616760254 175
2.228977918624878 168
2.2372982501983643 160
2.245331048965454 153
2.25274395942688 149
2.2610056400299072 141
2.2690067291259766 134
2.27828049659729 128
2.2862915992736816 121
2.293557643890381 115
2.302130937576294 109
2.309751033782959 103
2.31833815574646 97
2.3262979984283447 92
2.3352854251861572 89
2.342681646347046 87
2.350719451904297 85
2.358748435974121 83
2.3667213916778564 83
2.374894142150879 83
2.3831751346588135 85
2.391258478164673 86
2.3992233276367188 89
2.4073894023895264 91
2.415330171585083 95
2.422706365585327 98
2.4320614337921143 103
2.4400506019592285 107
2.448261260986328 112
2.456199884414673 117
2.4633877277374268 122
2.4713072776794434 127
2.480543851852417 133
2.4885928630828857 138
2.49660325050354 145
2.5048978328704834 150
2.512295961380005 156
2.520315408706665 162
2.5284230709075928 168
2.5374343395233154 175
2.545419931411743 181
2.5527658462524414 186
2.5610601902008057 194
2.569206953048706 201
2.578355073928833 207
2.5872952938079834 215
2.5984344482421875 223
2.6075546741485596 231
2.6155216693878174 237
2.623100757598877 244
2.6325509548187256 250
2.640686273574829 257
2.648681640625 263
2.656696081161499 271
2.665147542953491 278
2.6725780963897705 283
2.6808278560638428 291
2.690004348754883 297
2.6982405185699463 304
2.7061891555786133 311
2.7134013175964355 317
2.7213244438171387 323
2.729329824447632 330
2.7387962341308594 337
2.7467873096466064 345
2.754999876022339 351
2.762331962585449 356
2.770310640335083 363
2.7783610820770264 369
2.7873411178588867 378
2.79533314704895 384
2.802875280380249 391
2.8108935356140137 397
2.8191850185394287 404
2.8273892402648926 411
2.83634352684021 417
2.8444573879241943 423
2.852233409881592 430
2.860398054122925 437
2.8685100078582764 443
2.8765499591827393 450
2.88374400138855 457
2.8928956985473633 465
2.900996208190918 471
2.909010171890259 476
2.916973352432251 480
2.9253218173980713 484
2.9327878952026367 486
2.9420621395111084 489
2.950160026550293 490
2.958308219909668 490
2.9663078784942627 490
2.9735240936279297 489
2.982011318206787 487
2.9908554553985596 485
3.003040075302124 480
3.0113205909729004 477
3.019474983215332 473
3.0281004905700684 468
3.036052703857422 464
3.0451719760894775 458
3.052617311477661 454
3.0607550144195557 449
3.068784475326538 444
3.0768160820007324 437
3.0852086544036865 431
3.093573570251465 426
3.10209321975708 420
3.109726667404175 414
3.118229627609253 408
3.126213312149048 402
3.139627695083618 390
3.1489579677581787 385
3.156978130340576 378
3.1653807163238525 371
3.1728286743164062 367
3.1809513568878174 359
3.1889567375183105 355
3.1982829570770264 347
3.2063212394714355 341
3.2137608528137207 334
3.2222843170166016 328
3.230306625366211 321
3.2385222911834717 315
3.247509479522705 307
3.2554807662963867 301
3.262863874435425 294
3.2709596157073975 288
3.279160261154175 282
3.2873647212982178 275
3.296424150466919 269
3.3036794662475586 263
3.312047243118286 256
3.320546865463257 248
3.3288822174072266 243
3.336888074874878 235
3.3463101387023926 229
3.353639841079712 222
3.361741781234741 216
3.3696401119232178 209
3.378129720687866 203
3.3861982822418213 197
3.393477201461792 187
3.4077212810516357 179
3.415750741958618 173
3.423429012298584 166
3.431685447692871 160
3.4396402835845947 153
3.4489521980285645 147
3.456968069076538 139
3.465341329574585 133
3.4729223251342773 126
3.4810361862182617 120
3.489025831222534 113
3.498262882232666 107
3.50631046295166 100
3.5135724544525146 94
3.5220518112182617 87
3.529736280441284 81
3.5382652282714844 75
3.5462374687194824 67
3.5552144050598145 60
3.5626626014709473 55
3.5708494186401367 47
3.579681158065796 41
3.5882132053375244 34
3.5962061882019043 28
3.60538911819458 20
3.6127822399139404 15
3.6208901405334473 7
3.628920316696167 2
3.6369004249572754 -5
3.645207405090332 -11
3.6535332202911377 -15
3.661586046218872 -19
3.669414758682251 -21
3.677633047103882 -24
3.68562650680542 -25
3.6929545402526855 -26
3.702380418777466 -25
3.7104034423828125 -25
3.718520402908325 -23
3.7265377044677734 -21
3.734874963760376 -18
3.742429733276367 -15
3.7512199878692627 -11
3.759373188018799 -6
3.767568349838257 -2
3.775526523590088 3
3.7827720642089844 7
3.7907350063323975 11
3.8034725189208984 21
3.8116824626922607 26
3.8200182914733887 32
3.828411102294922 38
3.836329221725464 43
3.8435165882110596 49
3.8525774478912354 55
3.86088490486145 63
3.868834972381592 68
3.876826524734497 75
3.885133743286133 82
3.892523765563965 86
3.9005751609802246 93
3.909332752227783 101
3.917534589767456 107
3.9255154132843018 113
3.9328713417053223 120
3.9411346912384033 126
3.9491052627563477 133
3.958333730697632 139
3.9663288593292236 145
3.9735472202301025 152
3.9816653728485107 159
3.9896771907806396 165
3.9982824325561523 172
4.007007598876953 180
4.015169382095337 186
4.022604465484619 191
4.030694246292114 198
4.0386574268341064 204
4.046706438064575 211
4.054879665374756 219
4.063177585601807 225
4.0713090896606445 232
4.079334497451782 239
4.087451457977295 245
4.095380067825317 252
4.102774620056152 257
4.11165189743042 265
4.119673490524292 271
4.128126859664917 278
4.136131286621094 285
4.143418312072754 291
4.151441812515259 298
4.160690069198608 304
4.168689966201782 311
4.176697731018066 319
4.185094356536865 325
4.192470073699951 331
4.205235958099365 342
4.213565349578857 349
4.222036838531494 355
4.230043411254883 362
4.238434553146362 369
4.246368885040283 375
4.253746271133423 382
4.262854814529419 390
4.270939111709595 397
4.2789764404296875 403
4.28692626953125 410
4.295133590698242 416
4.302700519561768 421
4.311736822128296 429
4.319618225097656 436
4.328077554702759 443
4.3360114097595215 449
4.343164920806885 456
4.351275444030762 462
4.359402656555176 469
4.368752956390381 475
4.376795291900635 484
4.3851518630981445 490
4.392513036727905 495
4.400600433349609 502
4.408627510070801 509
4.4177165031433105 517
4.425677061080933 523
4.433040142059326 530
4.441162347793579 537
4.449175834655762 543
4.4573750495910645 550
4.466412544250488 556
4.473625898361206 563
4.482030391693115 569
4.489652156829834 576
4.498116970062256 583
4.506219148635864 589
4.515389919281006 597
4.522815227508545 601
4.530919313430786 606
4.539082288742065 610
4.5473504066467285 613
4.555357456207275 615
4.563653945922852 616
4.5727622509002686 616
4.580927848815918 616
4.588920593261719 615
4.596960783004761 613
4.6096906661987305 610
4.619064807891846 606
4.6274659633636475 603
4.635475158691406 599
4.643020153045654 595
4.65115213394165 590
4.659310579299927 585
4.668503761291504 580
4.676569938659668 575
4.684329986572266 570
4.692103385925293 564
4.699759483337402 559
4.708275556564331 553
4.717066526412964 546
4.725466012954712 540
4.732870817184448 534
4.740963697433472 529
4.74897027015686 524
4.756966829299927 516
4.7651636600494385 510
4.7735912799835205 504
4.782104730606079 498
4.789740324020386 491
4.798257827758789 485
4.8062989711761475 479
4.813555479049683 473
4.822788238525391 467
4.830915212631226 459
4.839069128036499 453
4.847310304641724 446
4.855348348617554 439
4.86276388168335 435
4.872021198272705 427
4.879704713821411 421
4.88820219039917 414
4.896185874938965 408
4.903602361679077 401
4.911738872528076 395
4.920946836471558 387
4.928977966308594 381
4.937013387680054 374
4.945255994796753 368
4.952691555023193 363
4.9609386920928955 355
4.968983888626099 349
4.978313446044922 342
4.986338376998901 336
4.993577241897583 329
5.006778955459595 318
5.015432834625244 312
5.024962902069092 304
5.032699823379517 299
5.040828466415405 291
5.0488996505737305 286
5.056920766830444 278
5.0651695728302 271
5.073553800582886 265
5.082041501998901 259
5.08973240852356 252
5.09818696975708 246
5.106170892715454 239
5.11335825920105 233
5.122556209564209 227
5.13072395324707 220
5.140573501586914 212
5.148642301559448 205
5.156692028045654 198
5.165041923522949 191
5.173162221908569 185
5.181339502334595 179
5.189368009567261 172
5.197733640670776 165
5.205735683441162 159
5.213147163391113 153
5.221312999725342 147
5.230518579483032 140
5.23861837387085 133
5.246660232543945 127
5.254883050918579 121
5.262456178665161 114
5.270582437515259 107
5.27935791015625 100
5.287737131118774 93
5.2957165241241455 87
5.303125858306885 81
5.311279773712158 74
5.319405555725098 67
5.328669548034668 61
5.336705923080444 55
5.344911575317383 49
5.352355718612671 42
5.360378265380859 35
5.3685142993927 29
5.377600193023682 21
5.385601282119751 15
5.393022060394287 8
5.401139974594116 -1
5.413084030151367 -8
5.421615839004517 -14
5.430869102478027 -22
5.439057111740112 -29
5.447079181671143 -35
5.455329179763794 -41
5.4627814292907715 -46
5.470873594284058 -54
5.479621410369873 -61
5.488117933273315 -67
5.496129035949707 -73
5.503512620925903 -80
5.511650800704956 -87
5.51958155632019 -93
5.528066635131836 -99
5.536855936050415 -107
5.545101642608643 -114
5.552695989608765 -118
5.561002731323242 -127
5.569102048873901 -133
5.578347682952881 -141
5.587406635284424 -147
5.5953662395477295 -152
5.602769613265991 -155
5.610832214355469 -159
5.619001388549805 -162
5.626960754394531 -164
5.636276721954346 -165
5.643491983413696 -165
5.6514317989349365 -165
5.659438133239746 -164
5.667651891708374 -163
5.6755690574646 -161
5.684958219528198 -157
5.692424774169922 -154
5.700527667999268 -151
5.708531141281128 -147
5.716578960418701 -142
5.724340915679932 -137
5.732908725738525 -131
5.741170644760132 -126
5.749170303344727 -121
5.757389545440674 -115
5.765343904495239 -110
5.772751569747925 -105
5.780874252319336 -98
5.789541959762573 -92
5.798123598098755 -86
5.8104002475738525 -77
5.818650484085083 -71
5.82663106918335 -63
5.836639404296875 -55
5.844996929168701 -49
5.852428436279297 -44
5.860640525817871 -38
5.86863374710083 -31
5.876622676849365 -25
5.885579586029053 -17
5.892965793609619 -11
5.901056289672852 -4
5.909013986587524 3
5.916883230209351 9
5.925163269042969 15
5.932515859603882 20
5.941404581069946 29
5.949381589889526 35
5.957593679428101 41
5.965532541275024 48
5.9728684425354 55
5.981127500534058 61
5.990218639373779 68
5.998327016830444 74
6.006299257278442 81
6.013507127761841 87
6.021581411361694 94
6.02939248085022 101
6.041208505630493 112
6.053122282028198 120
6.061221122741699 127
6.069361925125122 133
6.077622652053833 140
6.085548639297485 147
6.094433069229126 153
6.102351427078247 160
6.110308885574341 167
6.1183922290802 173
6.12633204460144 179
6.1335742473602295 186
6.142756700515747 193
6.150848388671875 201
6.158978700637817 207
6.166979551315308 214
6.175143718719482 221
6.182492733001709 226
6.19136381149292 234
6.199491262435913 241
6.211329221725464 251
6.219563245773315 257
6.2334885597229 269
6.242803335189819 275
6.250918626785278 283
6.258909463882446 289
6.266882419586182 297
6.275102376937866 303
6.2826972007751465 308
6.2916953563690186 317
6.299602508544922 323
6.3080785274505615 329
6.316051483154297 336
6.323153972625732 343
6.33140230178833 349
6.339508295059204 356
6.348822116851807 363
6.35678768157959 371
6.364948987960815 376
6.372393369674683 383
6.380366563796997 389
6.388461351394653 395
6.3975841999053955 404
6.40557074546814 410
6.412930488586426 417
6.420987129211426 423
6.428963899612427 429
6.436968803405762 437
6.446230173110962 443
6.453473091125488 450
6.462005376815796 456
6.469648838043213 463
6.47814154624939 469
6.486159801483154 476
6.493360280990601 484
6.502445459365845 489
6.510516405105591 496
6.518688201904297 503
6.526730298995972 509
6.534908771514893 515
6.542300701141357 522
6.551203727722168 531
6.563425064086914 540
6.574887752532959 549
6.583008050918579 557
6.5913543701171875 563
6.603019952774048 577
6.615623950958252 583
6.624562978744507 590
6.6324543952941895 597
6.642409563064575 605
6.6520960330963135 613
6.659711837768555 621
6.669596433639526 629
6.679205894470215 636
6.687451601028442 643
6.695507764816284 649
6.703027248382568 656
6.711142063140869 662
6.719235420227051 669
6.72857141494751 675
6.736605405807495 682
6.744379281997681 689
6.752099990844727 695
6.7602081298828125 702
6.768326282501221 709
6.777385234832764 717
6.785374402999878 723
6.792758941650391 728
6.800840139389038 737
6.808893203735352 741
6.816884756088257 749
6.8263044357299805 754
6.833552598953247 759
6.8416314125061035 762
6.849738121032715 765
6.858184576034546 767
6.866183280944824 768
6.873371601104736 769
6.882696151733398 769
6.8908140659332275 767
6.89888596534729 766
6.906887531280518 764
6.915123462677002 761
6.922577381134033 759
6.931603670120239 754
6.939654350280762 750
6.948115825653076 746
6.95607328414917 741
6.963295221328735 737
6.971327066421509 731
6.980665922164917 727
6.988656520843506 721
6.9966747760772705 715
7.005023241043091 707
