0.020223379135131836 0
0.028242111206054688 -1
0.03639531135559082 -1
0.044122934341430664 0
0.05168890953063965 1
0.06104159355163574 4
0.06900286674499512 7
0.07709908485412598 10
0.08450460433959961 12
0.09284853935241699 17
0.10085296630859375 21
0.11029791831970215 26
0.11828041076660156 31
0.12553620338439941 36
0.13366985321044922 41
0.14153671264648438 47
0.15014195442199707 52
0.15901660919189453 59
0.1672377586364746 65
0.17463421821594238 69
0.18273568153381348 79
0.19469094276428223 84
0.20296549797058105 92
0.21239495277404785 98
0.2204749584197998 104
0.22849702835083008 110
0.23630213737487793 117
0.24426841735839844 123
0.2522737979888916 129
0.2611086368560791 137
0.2694380283355713 143
0.27747058868408203 150
0.2848482131958008 157
0.29296231269836426 163
0.30098700523376465 169
0.3103065490722656 176
0.31827664375305176 183
0.32549619674682617 189
0.33399033546447754 195
0.3416454792022705 202
0.35010385513305664 209
0.3581056594848633 217
0.3670768737792969 223
0.3746933937072754 228
0.3828468322753906 236
0.3910679817199707 243
0.39931511878967285 249
0.40738749504089355 255
0.4156675338745117 260
0.4240906238555908 265
0.43201303482055664 271
0.4403960704803467 275
0.4484670162200928 279
0.4569237232208252 283
0.4650130271911621 286
0.4731900691986084 288
0.4812188148498535 289
0.48947596549987793 291
0.4974997043609619 291
0.5051085948944092 291
0.5145957469940186 291
0.5227179527282715 290
0.5308010578155518 289
0.5388579368591309 287
0.5471484661102295 286
0.554628849029541 285
0.5636951923370361 282
0.5720131397247314 280
0.5802998542785645 278
0.591224193572998 275
0.6006596088409424 273
0.6087381839752197 271
0.6181254386901855 269
0.6255779266357422 267
0.6341907978057861 266
0.6421632766723633 265
0.6503512859344482 263
0.6583523750305176 262
0.6674232482910156 261
0.674842119216919 261
0.6829588413238525 260
0.6912086009979248 259
0.6994278430938721 259
0.7073969841003418 259
0.7159409523010254 259
0.7241005897521973 259
0.7319562435150146 259
0.7402138710021973 259
0.7481441497802734 260
0.7555825710296631 260
0.7639961242675781 261
0.772878885269165 261
0.7808873653411865 261
0.7889199256896973 261
0.797109842300415 262
0.8045384883880615 262
0.8128182888031006 262
0.8215963840484619 263
0.830111026763916 263
0.838127851486206 263
0.8453941345214844 263
0.8535261154174805 263
0.861361026763916 263
0.8707268238067627 263
0.8787546157836914 263
0.8869657516479492 263
0.8945248126983643 263
0.9026272296905518 263
0.9106359481811523 263
0.9199573993682861 263
0.9286510944366455 263
0.9370434284210205 263
0.9444241523742676 263
0.9524757862091064 263
0.9605209827423096 263
0.9694294929504395 263
0.9774463176727295 263
0.9848339557647705 263
0.9973828792572021 263
1.004903793334961 263
1.0132768154144287 263
1.0227842330932617 263
1.0307869911193848 263
1.0387606620788574 263
1.04691743850708 263
1.0544970035552979 263
1.0625956058502197 263
1.0712511539459229 263
1.0794258117675781 263
1.0873854160308838 263
1.094749927520752 263
1.1028120517730713 263
1.1109893321990967 263
1.119020700454712 263
1.12825608253479 263
1.1354649066925049 263
1.1435601711273193 263
1.1515676975250244 263
1.1600234508514404 263
1.1677052974700928 263
1.177215814590454 263
1.1846089363098145 263
1.192850112915039 263
1.200835943222046 263
1.2088193893432617 263
1.21697998046875 263
1.2252662181854248 263
1.2335546016693115 263
1.2413744926452637 263
1.2496144771575928 263
1.2575492858886719 263
1.2649257183074951 263
1.2741670608520508 263
1.2823476791381836 263
1.2905821800231934 263
1.2985599040985107 263
1.3062996864318848 263
1.3140439987182617 263
1.3216302394866943 263
1.330915927886963 263
1.3388824462890625 263
1.3470678329467773 263
1.3546009063720703 263
1.3626806735992432 263
1.3706307411193848 263
1.3795287609100342 263
1.3874971866607666 263
1.3995094299316406 263
1.4074609279632568 263
1.415248155593872 263
1.4233498573303223 263
1.4325954914093018 263
1.4405827522277832 263
1.4485738277435303 263
1.4563820362091064 263
1.464097023010254 263
1.4722299575805664 263
1.4811029434204102 263
1.4892449378967285 263
1.4971923828125 263
1.504586935043335 263
1.512638807296753 263
1.5205833911895752 263
1.5296320915222168 263
1.5376124382019043 263
1.5451090335845947 263
1.553241491317749 263
1.5612201690673828 263
1.569411039352417 263
1.5783298015594482 263
1.5856101512908936 263
1.594095230102539 263
1.6016976833343506 263
1.6101460456848145 263
1.6181209087371826 263
1.6253416538238525 263
1.6344187259674072 263
1.6424734592437744 263
1.650625467300415 263
1.65865159034729 263
1.6668283939361572 263
1.674393892288208 263
1.6833600997924805 263
1.6913435459136963 263
1.699547529220581 263
1.7074785232543945 263
1.7150092124938965 263
1.7231354713439941 263
1.732299566268921 263
1.740436315536499 263
1.7488632202148438 263
1.7575128078460693 263
1.764927864074707 263
1.7732117176055908 263
1.7823727130889893 263
1.7942602634429932 263
1.8026413917541504 263
1.8107893466949463 263
1.8187482357025146 263
1.8270974159240723 263
1.8355634212493896 263
1.8440186977386475 263
1.8516318798065186 263
1.8601248264312744 263
1.8681046962738037 263
1.875312089920044 263
1.884439468383789 263
1.8927547931671143 263
1.9008281230926514 263
1.9088318347930908 263
1.9170002937316895 263
1.9252872467041016 263
1.9345743656158447 263
1.9426405429840088 263
1.950906753540039 263
1.9588816165924072 263
1.9670805931091309 263
1.974424123764038 263
1.9826056957244873 263
1.9914343357086182 263
1.9996466636657715 263
2.0095179080963135 263
2.0174896717071533 263
2.024888038635254 263
2.0329644680023193 263
2.0421674251556396 263
2.0503203868865967 263
2.058276653289795 263
2.0656323432922363 263
2.0742321014404297 263
2.0822370052337646 263
2.0911056995391846 263
2.0992960929870605 263
2.1072425842285156 263
2.114654779434204 263
2.1227548122406006 263
2.1309845447540283 263
2.140172004699707 263
2.148142099380493 263
2.1553661823272705 263
2.1633269786834717 263
2.171348810195923 263
2.179560422897339 263
2.1885149478912354 263
2.2007672786712646 263
2.2087275981903076 263
2.217113733291626 263
2.2246603965759277 263
2.232794761657715 263
2.241431713104248 263
2.2500553131103516 263
2.2580108642578125 263
2.265103816986084 263
2.273226499557495 263
2.281264543533325 263
2.290566921234131 263
2.2985897064208984 263
2.3067915439605713 263
2.3143417835235596 263
2.3225936889648438 263
2.3305823802948 263
2.338587760925293 263
2.347461700439453 263
2.354832649230957 263
2.3629093170166016 263
2.371143102645874 263
2.3793845176696777 263
2.3873729705810547 263
2.3956429958343506 263
2.4040029048919678 263
2.4116616249084473 263
2.420102119445801 263
2.4281272888183594 263
2.435504198074341 263
2.444671392440796 263
2.45294189453125 263
2.4609744548797607 263
2.469017505645752 263
2.4772305488586426 263
2.4846291542053223 263
2.4941673278808594 263
2.5021164417266846 263
2.5102779865264893 263
2.518286943435669 263
2.525566577911377 262
2.533701181411743 262
2.541565179824829 262
2.550962209701538 262
2.558917999267578 261
2.5671515464782715 261
2.5745720863342285 261
2.58284330368042 261
2.5943763256073 261
2.604095935821533 261
2.612471580505371 261
2.620668888092041 261
2.6286635398864746 261
2.6368637084960938 260
2.645005941390991 260
2.653137445449829 260
2.6611645221710205 260
2.6695239543914795 260
2.677607536315918 260
2.6849663257598877 260
2.6930856704711914 260
2.702240228652954 260
2.7105023860931396 260
2.7184741497039795 260
2.7256674766540527 260
2.7341644763946533 260
2.741950750350952 260
2.7509076595306396 260
2.7589023113250732 260
2.767087697982788 260
2.7744345664978027 260
2.7824578285217285 260
2.790658473968506 260
2.7995107173919678 260
2.8074817657470703 260
2.8148202896118164 260
2.8228940963745117 260
2.8308827877044678 260
2.838809013366699 260
2.8471181392669678 260
2.8554887771606445 260
2.8635661602020264 260
2.871384620666504 260
2.8795876502990723 260
2.8874871730804443 260
2.8948159217834473 260
2.903672695159912 260
2.9170753955841064 260
2.9270522594451904 260
2.9346823692321777 260
2.94537353515625 260
2.9535346031188965 260
2.961355209350586 260
2.9707353115081787 260
2.9783120155334473 260
2.9876725673675537 260
3.0150909423828125 260
3.0242984294891357 260
3.0341341495513916 260
3.04331636428833 260
3.0512871742248535 260
3.059502363204956 260
3.0674476623535156 260
3.074758768081665 260
3.082834243774414 260
3.0916783809661865 260
3.1002867221832275 260
3.1082499027252197 260
3.1154825687408447 260
3.1235411167144775 260
3.1313416957855225 260
3.1395137310028076 260
3.148427963256836 260
3.1563940048217773 260
3.1640946865081787 260
3.171647787094116 260
3.180065155029297 260
3.1879477500915527 260
3.1969165802001953 260
3.2042665481567383 260
3.212393283843994 260
3.2204437255859375 260
3.2284576892852783 260
3.236787796020508 260
3.2449538707733154 260
3.253046989440918 260
3.2609856128692627 260
3.2689943313598633 260
3.277329921722412 260
3.2846593856811523 260
3.2935972213745117 260
3.3014283180236816 260
3.3095977306365967 260
3.317516803741455 260
3.3248488903045654 260
3.333085298538208 260
3.341017961502075 260
3.3502471446990967 260
3.358219623565674 260
3.3655664920806885 260
3.3736207485198975 260
3.3814330101013184 260
3.3899753093719482 260
3.4025700092315674 260
3.410731554031372 260
3.4187064170837402 260
3.426989793777466 260
3.43436598777771 260
3.442380428314209 260
3.451349973678589 260
3.4595162868499756 260
3.467468738555908 260
3.474827527999878 260
3.4828743934631348 260
3.4910225868225098 260
3.500279426574707 260
3.5082597732543945 260
3.5156280994415283 260
3.5239274501800537 260
3.5315775871276855 260
3.540006160736084 260
3.5487377643585205 260
3.5568833351135254 260
3.5642385482788086 260
3.5723822116851807 260
3.5804359912872314 260
3.588355302810669 260
3.5955684185028076 260
3.6046195030212402 260
3.61266827583313 260
3.62076997756958 260
3.628754138946533 260
3.63706636428833 260
3.6444058418273926 260
3.6532387733459473 260
3.6611719131469727 260
3.6693313121795654 260
3.6772403717041016 260
3.684622287750244 260
3.6928513050079346 260
3.701561689376831 260
3.7096874713897705 260
3.7176623344421387 260
3.724968910217285 260
3.733042001724243 260
3.740983009338379 260
3.7489840984344482 260
3.758293628692627 260
3.765475034713745 260
3.7733821868896484 260
3.781325340270996 260
3.789511203765869 260
3.802368402481079 260
3.810664653778076 260
3.818578004837036 260
3.8268861770629883 260
3.8344202041625977 260
3.8423969745635986 260
3.850442409515381 260
3.8593697547912598 260
3.8673148155212402 260
3.8748090267181396 260
3.8830316066741943 260
3.89101243019104 260
3.898966073989868 260
3.908130645751953 260
3.915318250656128 260
3.9235265254974365 260
3.9325954914093018 260
3.940575122833252 260
3.9485228061676025 260
3.9574713706970215 260
3.9648172855377197 260
3.972874879837036 260
3.9808404445648193 260
3.9888150691986084 260
3.9971113204956055 260
4.005408525466919 260
4.013659238815308 260
4.021470546722412 260
4.029569864273071 260
4.037477254867554 260
4.044854402542114 260
4.053086757659912 260
4.061999320983887 260
4.070398330688477 260
4.0783891677856445 260
4.085636138916016 260
4.093695402145386 260
4.10152268409729 260
4.110920667648315 260
4.118836879730225 260
4.126995801925659 260
4.134328365325928 260
4.142531633377075 260
4.150550365447998 260
4.159481763839722 260
4.167473793029785 260
4.1749656200408936 260
4.183031797409058 260
4.190978050231934 260
4.202980279922485 260
4.2122626304626465 260
4.220481872558594 260
4.2284464836120605 260
4.236886978149414 260
4.244243144989014 260
4.252142667770386 260
4.261945486068726 260
4.2702906131744385 260
4.278302907943726 260
4.285475492477417 260
4.293684005737305 260
4.3014750480651855 260
4.310639142990112 260
4.318570852279663 260
4.326306581497192 260
4.334026575088501 260
4.341621398925781 260
4.350191593170166 260
4.358113527297974 260
4.366996765136719 260
4.37434983253479 260
4.382341623306274 260
4.390412330627441 260
4.398377180099487 260
4.405699968338013 260
4.41486382484436 260
4.422896146774292 260
4.430890798568726 260
4.4388346672058105 260
4.446971893310547 260
4.454282522201538 260
4.463135719299316 260
4.4712560176849365 260
4.479414701461792 260
4.487354755401611 260
4.494693279266357 260
4.502750635147095 260
4.510766267776489 260
4.5199785232543945 260
4.5276939868927 260
4.535291433334351 260
4.5432398319244385 260
4.551186561584473 260
4.559366464614868 260
4.568270206451416 260
4.575446605682373 260
4.583474636077881 260
4.59145712852478 260
4.603132247924805 260
4.611244201660156 260
4.620607852935791 260
4.628554344177246 260
4.6368584632873535 260
4.6442365646362305 260
4.652402639389038 260
4.660626173019409 260
4.6696696281433105 260
4.677606105804443 260
4.6849281787872314 260
4.692996025085449 260
4.700959205627441 260
4.708868741989136 260
4.718241214752197 260
4.725434303283691 260
4.733479022979736 260
4.7412989139556885 260
4.7494518756866455 260
4.75736141204834 260
4.764707565307617 260
4.774003028869629 260
4.7816102504730225 260
4.79025673866272 260
4.798166036605835 260
4.8053717613220215 260
4.813268661499023 260
4.8223981857299805 260
4.830610513687134 260
4.838547706604004 260
4.845938682556152 260
4.8540308475494385 260
4.861625909805298 260
4.870846509933472 260
4.878782510757446 260
4.886944770812988 260
4.894404888153076 260
4.90237832069397 260
4.9104838371276855 260
4.919533729553223 260
4.928417682647705 260
4.935641050338745 260
4.943926811218262 260
4.951953411102295 260
4.960129499435425 260
4.968092918395996 260
4.977108001708984 260
4.9844348430633545 260
4.992368936538696 260
5.004339694976807 260
5.0142107009887695 260
5.023087501525879 260
5.0312440395355225 260
5.039427042007446 260
5.0473339557647705 260
5.05483341217041 260
5.062896728515625 260
5.0721564292907715 260
5.080267906188965 260
5.088229179382324 260
5.095421075820923 260
5.103335857391357 260
5.111313819885254 260
5.119541645050049 260
5.128520250320435 260
5.136791944503784 260
5.144153356552124 260
5.152092695236206 260
5.1602020263671875 260
5.1681318283081055 260
5.177136421203613 260
5.184684753417969 260
5.192931413650513 260
5.200902938842773 260
5.208877801895142 260
5.217043876647949 260
5.225238561630249 260
5.233199834823608 260
5.241149425506592 260
5.249435186386108 260
5.257352590560913 260
5.264677047729492 260
5.2727508544921875 260
5.281466722488403 260
5.2895917892456055 260
5.297528028488159 260
5.304882526397705 260
5.313101291656494 260
5.321058750152588 260
5.330156564712524 260
5.338093280792236 260
5.345263242721558 260
5.353233098983765 260
5.361230134963989 260
5.3695290088653564 260
5.3785200119018555 260
5.385687828063965 260
5.393988132476807 260
5.405498743057251 260
5.413706541061401 260
5.421939134597778 260
5.431107759475708 260
5.439395904541016 260
5.447362661361694 260
5.45470118522644 260
5.462759733200073 260
5.470750093460083 260
5.479604959487915 260
5.487523794174194 260
5.495001554489136 260
5.503093719482422 260
5.511074542999268 260
5.519015312194824 260
5.528149366378784 260
5.535370826721191 260
5.543309450149536 260
5.551429748535156 260
5.5595622062683105 260
5.5674989223480225 260
5.575028419494629 260
5.58421778678894 260
5.591998100280762 260
5.600219488143921 260
5.608133792877197 260
5.615496397018433 260
5.623526096343994 260
5.632585763931274 260
5.640567064285278 260
5.648542642593384 260
5.65569281578064 260
5.663978815078735 260
5.671991586685181 260
5.680927753448486 260
5.68889594078064 260
5.697077035903931 260
5.704574108123779 260
5.712592840194702 260
5.720603942871094 260
5.728560209274292 260
5.7376885414123535 260
5.744998931884766 260
5.753109693527222 260
5.76115608215332 260
5.769257068634033 260
5.7771570682525635 260
5.785430192947388 260
5.793663263320923 260
5.8053834438323975 260
5.813653945922852 260
5.821616172790527 260
5.8303892612457275 260
5.839407682418823 260
5.847317695617676 260
5.854790687561035 260
5.862809658050537 260
5.870790719985962 260
5.878736972808838 260
5.887707233428955 260
5.894997596740723 260
5.9031078815460205 260
5.911281585693359 260
5.919635534286499 260
5.928459644317627 260
5.937440395355225 260
5.944729804992676 260
5.952815055847168 260
5.960952281951904 260
5.968915939331055 260
5.977242708206177 260
5.985503911972046 260
5.993627548217773 260
6.0014894008636475 260
6.009666442871094 260
6.017603158950806 260
6.025123119354248 260
6.040544033050537 260
6.048556804656982 260
6.0562968254089355 260
6.064016342163086 260
6.071618556976318 260
6.080114126205444 260
6.0888848304748535 260
6.0971598625183105 260
6.104517698287964 260
6.112640857696533 260
6.120596647262573 260
6.1285319328308105 260
6.13593316078186 260
6.144758939743042 260
6.153013706207275 260
6.160967826843262 260
6.168925762176514 260
6.177153825759888 260
6.184512138366699 260
6.193274974822998 260
6.205315351486206 260
6.213595628738403 260
6.221661806106567 260
6.230267286300659 260
6.238213062286377 260
6.247177600860596 260
6.260522127151489 260
6.274288892745972 260
6.2852888107299805 260
6.294293642044067 260
6.303530931472778 260
6.312165975570679 260
6.323333263397217 260
6.331460475921631 260
6.340991258621216 260
6.348989248275757 260
6.35734748840332 260
6.3653364181518555 260
6.3732590675354 260
6.381239175796509 260
6.389541387557983 260
6.398586273193359 260
6.406364440917969 260
6.41406774520874 260
6.421625137329102 260
6.43004298210144 260
6.438000679016113 260
6.447067737579346 260
6.454563856124878 260
6.46259331703186 260
6.470576524734497 260
6.478549242019653 260
6.486880779266357 260
6.494968414306641 260
6.503096342086792 260
6.511247396469116 260
6.51941180229187 260
6.52737021446228 260
6.5346996784210205 260
6.542792797088623 260
6.551580190658569 260
6.560018539428711 260
6.567700624465942 260
6.575284719467163 260
6.583221435546875 260
6.591206073760986 260
6.600419044494629 260
6.6125288009643555 260
6.620718479156494 260
6.628659725189209 260
6.637061834335327 260
6.645299911499023 260
6.653257369995117 260
6.661227226257324 260
6.669382333755493 260
6.67737603187561 260
6.684691905975342 260
6.692925214767456 260
6.701663970947266 260
6.710064649581909 260
6.717987060546875 260
6.725065231323242 260
6.733119964599609 260
6.7412636280059814 260
6.75051212310791 260
6.758474588394165 260
6.765671253204346 260
6.774592161178589 260
6.782611608505249 260
6.79056715965271 260
6.799519062042236 260
6.807454586029053 260
6.8149378299713135 260
6.828426361083984 260
6.836350679397583 260
6.844228029251099 260
6.853129625320435 260
6.861089468002319 260
6.8690221309661865 260
6.878067255020142 260
6.885245323181152 260
6.893213510513306 260
6.902346849441528 260
6.910400867462158 260
6.918376445770264 260
6.927269220352173 260
6.93475341796875 260
6.942850828170776 260
6.951542615890503 260
6.959683656692505 260
6.967670679092407 260
6.9750189781188965 260
6.9831037521362305 260
6.991238594055176 260
6.9995598793029785 260
7.012578964233398 260
