0.01930546760559082 0
0.02877211570739746 0
0.03635907173156738 1
0.04496622085571289 2
0.052896738052368164 5
0.06012749671936035 8
0.06823492050170898 11
0.07611823081970215 15
0.08556699752807617 20
0.09363842010498047 24
0.10188865661621094 29
0.10929632186889648 33
0.11740231513977051 39
0.1254723072052002 43
0.13463664054870605 50
0.1426074504852295 56
0.15006470680236816 61
0.15829229354858398 67
0.16620826721191406 73
0.17467784881591797 79
0.18348288536071777 86
0.19171476364135742 92
0.1991565227508545 97
0.20750141143798828 105
0.21553421020507812 110
0.2276899814605713 120
0.23714470863342285 127
0.24535107612609863 133
0.25339269638061523 141
0.2615547180175781 148
0.2691171169281006 152
0.27745628356933594 160
0.2861497402191162 167
0.2946462631225586 174
0.30263590812683105 180
0.3099088668823242 186
0.3179352283477783 193
0.3267710208892822 200
0.3361673355102539 208
0.34459638595581055 214
0.3526475429534912 221
0.3599061965942383 228
0.3679826259613037 234
0.37603068351745605 240
0.3855621814727783 248
0.3936197757720947 254
0.40189361572265625 259
0.40951013565063477 264
0.417712926864624 268
0.4258861541748047 272
0.4352583885192871 276
0.44338274002075195 280
0.4518158435821533 283
0.4593844413757324 284
0.4675583839416504 286
0.4756276607513428 287
0.4839777946472168 288
0.49311113357543945 288
0.5006015300750732 288
0.5089626312255859 287
0.5171940326690674 286
0.5253126621246338 285
0.5333967208862305 283
0.5429093837738037 282
0.5502617359161377 280
0.5587067604064941 278
0.5669863224029541 276
0.5752017498016357 275
0.5833101272583008 273
0.5926525592803955 271
0.5999975204467773 270
0.608191967010498 268
0.6160991191864014 267
0.628303050994873 265
0.6376197338104248 264
0.645864725112915 263
0.6541357040405273 262
0.6621561050415039 262
0.669745922088623 261
0.6779139041900635 261
0.6860804557800293 260
0.6954007148742676 260
0.7034046649932861 260
0.7115809917449951 260
0.7190206050872803 260
0.7272951602935791 261
0.7359573841094971 261
0.7454116344451904 261
0.7534589767456055 262
0.761742353439331 262
0.7691991329193115 262
0.7773370742797852 262
0.7854118347167969 262
0.7948791980743408 262
0.8028717041015625 262
0.8102953433990479 262
0.8186478614807129 262
0.826282262802124 262
0.8347630500793457 262
0.8436236381530762 262
0.8518185615539551 262
0.8592610359191895 262
0.8675692081451416 262
0.8756422996520996 262
0.8839061260223389 262
0.8929386138916016 262
0.9002401828765869 262
0.9086277484893799 262
0.9162998199462891 262
0.9250357151031494 262
0.933030366897583 262
0.940319299697876 262
0.9494149684906006 262
0.9575121402740479 262
0.9655799865722656 262
0.9735894203186035 262
0.9817674160003662 262
0.9894518852233887 262
1.0063259601593018 262
1.0149502754211426 262
1.0258677005767822 262
1.0352592468261719 262
1.0447428226470947 262
1.0527796745300293 262
1.0602893829345703 262
1.0686204433441162 262
1.0763218402862549 262
1.0848476886749268 262
1.0928428173065186 262
1.101794958114624 262
1.1094341278076172 262
1.1175484657287598 262
1.1255710124969482 262
1.133561134338379 262
1.141768217086792 262
1.150050401687622 262
1.1581306457519531 262
1.1661722660064697 262
1.1746675968170166 262
1.1826138496398926 262
1.1900465488433838 262
1.1992363929748535 262
1.2072968482971191 262
1.21537446975708 262
1.2233867645263672 262
1.2317652702331543 262
1.2391953468322754 262
1.2482974529266357 262
1.256195068359375 262
1.264721393585205 262
1.2727320194244385 262
1.2800185680389404 262
1.288327932357788 262
1.2962393760681152 262
1.3054630756378174 262
1.3134543895721436 262
1.3218507766723633 262
1.3292546272277832 262
1.3373937606811523 262
1.345569372177124 262
1.3548903465270996 262
1.3628833293914795 262
1.370133876800537 262
1.378265380859375 262
1.386200189590454 262
1.394670009613037 262
1.4034254550933838 262
1.4117724895477295 262
1.4191787242889404 262
1.4315485954284668 262
1.4391396045684814 262
1.4475488662719727 262
1.4568045139312744 262
1.4651212692260742 262
1.4731955528259277 262
1.4809906482696533 262
1.4887499809265137 262
1.4966483116149902 262
1.505624532699585 262
1.513620138168335 262
1.5217640399932861 262
1.5293924808502197 262
1.537489652633667 262
1.5454890727996826 262
1.5546438694000244 262
1.5626215934753418 262
1.5697429180145264 262
1.5780329704284668 262
1.5861554145812988 262
1.59462571144104 262
1.6033949851989746 262
1.6116149425506592 262
1.6189930438995361 262
1.6270442008972168 262
1.6351165771484375 262
1.643122911453247 262
1.651473045349121 262
1.659665822982788 262
1.6677813529968262 262
1.6757612228393555 262
1.6840615272521973 262
1.6920409202575684 262
1.6994199752807617 262
1.7088298797607422 262
1.7218427658081055 262
1.7318332195281982 262
1.7395715713500977 262
1.7516777515411377 262
1.7590868473052979 262
1.767395257949829 262
1.7770333290100098 262
1.7854299545288086 262
1.795426368713379 262
1.80545973777771 262
1.8134660720825195 262
1.8286190032958984 262
1.8368053436279297 262
1.8450987339019775 262
1.8532333374023438 262
1.8615601062774658 262
1.8689420223236084 262
1.8777687549591064 262
1.8859820365905762 262
1.8941709995269775 262
1.9021413326263428 262
1.9095203876495361 262
1.917642593383789 262
1.9263191223144531 262
1.9347834587097168 262
1.942779541015625 262
1.9501726627349854 262
1.9583008289337158 262
1.9663379192352295 262
1.975611686706543 262
1.9836411476135254 262
1.991797924041748 262
1.9991998672485352 262
2.009005308151245 262
2.0170271396636963 262
2.0259199142456055 262
2.034180164337158 262
2.042144536972046 262
2.0495309829711914 262
2.0576415061950684 262
2.0658116340637207 262
2.074047327041626 262
2.083101272583008 262
2.0903007984161377 262
2.0988640785217285 262
2.1067867279052734 262
2.1149723529815674 262
2.1230740547180176 262
2.132300615310669 262
2.1396617889404297 262
2.147804021835327 262
2.1558077335357666 262
2.164036989212036 262
2.1720361709594727 262
2.180359363555908 262
2.188901424407959 262
2.196938991546631 262
2.205104351043701 262
2.213094472885132 262
2.2209765911102295 262
2.2348639965057373 262
2.2428739070892334 262
2.250603675842285 262
2.258883237838745 262
2.2668867111206055 262
2.275045156478882 262
2.284067392349243 262
2.292060613632202 262
2.2994542121887207 262
2.3077733516693115 262
2.315819025039673 262
2.324018955230713 262
2.3331029415130615 262
2.3403143882751465 262
2.3486740589141846 262
2.3571159839630127 262
2.365333318710327 262
2.3733441829681396 262
2.3823580741882324 262
2.389753580093384 262
2.3979220390319824 262
2.406165599822998 262
2.4146265983581543 262
2.4230501651763916 262
2.4322431087493896 262
2.4396607875823975 262
2.4478039741516113 262
2.455854654312134 262
2.464138984680176 262
2.472151756286621 262
2.4795961380004883 262
2.4890425205230713 262
2.497131824493408 262
2.505190134048462 262
2.5132291316986084 262
2.52099871635437 262
2.5287654399871826 262
2.5376782417297363 262
2.545881748199463 262
2.5540831089019775 262
2.5620534420013428 262
2.5694212913513184 262
2.5775530338287354 262
2.586256742477417 262
2.5947344303131104 262
2.6027865409851074 262
2.610262870788574 262
2.6187868118286133 262
2.630261182785034 262
2.6395909786224365 262
2.6479108333587646 262
2.6560652256011963 262
2.664698362350464 262
2.6726837158203125 262
2.679762363433838 262
2.689098358154297 262
2.697216510772705 262
2.7052245140075684 262
2.7132155895233154 262
2.7210402488708496 262
2.729627847671509 262
2.739025831222534 262
2.74727725982666 262
2.755312204360962 262
2.7633094787597656 262
2.771519660949707 262
2.7789127826690674 262
2.7880165576934814 262
2.7960479259490967 262
2.804234027862549 262
2.8122506141662598 262
2.8196322917938232 262
2.828843593597412 262
2.8378076553344727 262
2.8459935188293457 262
2.854213237762451 262
2.862191915512085 262
2.8696224689483643 262
2.877931833267212 262
2.8859493732452393 262
2.8951990604400635 262
2.903228282928467 262
2.9115617275238037 262
2.9189703464508057 262
2.9269979000091553 262
2.935136079788208 262
2.944197416305542 262
2.952200412750244 262
2.9595718383789062 262
2.9679174423217773 262
2.9759316444396973 262
2.984224319458008 262
2.9932491779327393 262
3.001437187194824 262
3.0089833736419678 262
3.0171196460723877 262
3.0253636837005615 262
3.0451173782348633 262
3.0532047748565674 262
3.0615041255950928 262
3.0690319538116455 262
3.077148914337158 262
3.0854363441467285 262
3.094358205795288 262
3.102600574493408 262
3.109762191772461 262
3.117914915084839 262
3.1259121894836426 262
3.134284257888794 262
3.1432127952575684 262
3.1515798568725586 262
3.158970594406128 262
3.16699481010437 262
3.175123691558838 262
3.1831963062286377 262
3.191028118133545 261
3.199657678604126 261
3.208028793334961 261
3.216038465499878 261
3.2242591381073 261
3.232260227203369 260
3.2397148609161377 260
3.2489511966705322 260
3.256976366043091 260
3.265289068222046 260
3.2732627391815186 260
3.2814316749572754 260
3.2888119220733643 260
3.297748327255249 260
3.3058323860168457 260
3.3140909671783447 260
3.3220765590667725 260
3.3296051025390625 260
3.337749481201172 260
3.346970558166504 260
3.3551158905029297 260
3.3631463050842285 260
3.3703207969665527 260
3.3786284923553467 260
3.386667251586914 261
3.3958945274353027 261
3.404165506362915 261
3.412222385406494 261
3.420168876647949 261
3.4332480430603027 260
3.441619873046875 260
3.4501640796661377 260
3.4586269855499268 260
3.4662623405456543 260
3.4747276306152344 260
3.4827730655670166 260
3.489983558654785 261
3.4991796016693115 261
3.507528305053711 260
3.5155718326568604 260
3.5235605239868164 260
3.5319926738739014 260
3.5393800735473633 260
3.548336982727051 260
3.5566110610961914 260
3.5650134086608887 260
3.5729477405548096 260
3.5801734924316406 260
3.5885865688323975 260
3.596276044845581 260
3.60553240776062 260
3.6134867668151855 260
3.6217150688171387 260
3.629260301589966 260
3.6373283863067627 260
3.645379066467285 260
3.6548569202423096 260
3.66280460357666 260
3.6700637340545654 260
3.678011178970337 260
3.6861705780029297 260
3.6946592330932617 260
3.7034127712249756 260
3.711599349975586 260
3.719022274017334 260
3.727125406265259 260
3.7357804775238037 260
3.744143009185791 260
3.753166675567627 260
3.7609329223632812 260
3.768735647201538 260
3.7766315937042236 260
3.7850239276885986 260
3.7929415702819824 260
3.8001880645751953 260
3.8094193935394287 260
3.817484140396118 260
3.8254730701446533 260
3.8374359607696533 260
3.845597982406616 260
3.8548269271850586 260
3.8628318309783936 260
3.870270013809204 260
3.8783578872680664 260
3.8862199783325195 260
3.894688844680786 260
3.9026222229003906 260
3.911623477935791 260
3.9191951751708984 260
3.927452564239502 260
3.9354183673858643 260
3.9433915615081787 260
3.951578140258789 260
3.959634780883789 260
3.9677605628967285 260
3.9757933616638184 260
3.9841363430023193 260
3.9921164512634277 260
3.9994640350341797 260
4.008666276931763 260
4.016278266906738 260
4.0247228145599365 260
4.032778263092041 260
4.039999723434448 260
4.048232316970825 260
4.057417869567871 260
4.065436124801636 260
4.07343864440918 260
4.081564903259277 260
4.088936805725098 260
4.0968873500823975 260
4.1051857471466064 260
4.114195346832275 260
4.122158527374268 260
4.129518508911133 260
4.137630462646484 260
4.145598649978638 260
4.153566122055054 260
4.162779808044434 260
4.170173406600952 260
4.178621053695679 260
4.186237812042236 260
4.194729566574097 260
4.202664613723755 260
4.211617469787598 260
4.218976736068726 260
4.2272162437438965 260
4.2392144203186035 260
4.2474684715271 260
4.255644083023071 260
4.265002727508545 260
4.273046970367432 260
4.280309438705444 260
4.28880500793457 260
4.2966718673706055 260
4.305025339126587 260
4.3140387535095215 260
4.322003126144409 260
4.33965539932251 260
4.352765321731567 260
4.361732006072998 260
4.371922731399536 260
4.379329442977905 260
4.389368295669556 260
4.3975090980529785 260
4.4061572551727295 260
4.4152796268463135 260
4.423283815383911 260
4.431844472885132 260
4.440188646316528 260
4.448288679122925 260
4.456169128417969 260
4.465532064437866 260
4.473484754562378 260
4.4816575050354 260
4.489022254943848 260
4.497027397155762 260
4.50511360168457 260
4.514110088348389 260
4.522111654281616 260
4.52961540222168 260
4.537728786468506 260
4.545719385147095 260
4.553903341293335 260
4.561853647232056 260
4.570255994796753 260
4.578354835510254 260
4.586327075958252 260
4.594759225845337 260
4.6027750968933105 260
4.609989881515503 260
4.619035482406616 260
4.627128839492798 260
4.638806104660034 260
4.6470537185668945 260
4.655261278152466 260
4.6632466316223145 260
4.6726601123809814 260
4.679759979248047 260
4.6878557205200195 260
4.696000814437866 260
4.7043561935424805 260
4.7123236656188965 260
4.721577167510986 260
4.729668617248535 260
4.737779140472412 260
4.745758295059204 260
4.754133939743042 260
4.762129068374634 260
4.771557092666626 260
4.778933525085449 260
4.786967754364014 260
4.795078754425049 260
4.8030359745025635 260
4.81024694442749 260
4.819344520568848 260
4.827640056610107 260
4.835586071014404 260
4.843583345413208 260
4.851761817932129 260
4.859163284301758 260
4.867348670959473 260
4.876207113265991 260
4.884814023971558 260
4.892755508422852 260
4.8999128341674805 260
4.907912492752075 260
4.915903329849243 260
4.925198316574097 260
4.933217525482178 260
4.9409730434417725 260
4.94890284538269 260
4.957122325897217 260
4.96514105796814 260
4.974133491516113 260
4.982093095779419 260
4.989476919174194 260
4.997591733932495 260
5.010592699050903 260
5.01886773109436 260
5.027926206588745 260
5.042112112045288 260
5.049600124359131 260
5.057923078536987 260
5.066992521286011 260
5.0758233070373535 260
5.084209203720093 260
5.0921790599823 260
5.09952712059021 260
5.107572078704834 260
5.115575790405273 260
5.124926328659058 260
5.132905960083008 260
5.140159845352173 260
5.148222923278809 260
5.156051158905029 260
5.16421365737915 260
5.172199487686157 260
5.180605888366699 260
5.188884019851685 260
5.196805238723755 260
5.20495080947876 260
5.2129127979278564 260
5.22030234336853 260
5.229465007781982 260
5.237512826919556 260
5.245675325393677 260
5.25364875793457 260
5.261840581893921 260
5.269204378128052 260
5.278257369995117 260
5.286129713058472 260
5.294618606567383 260
5.302356958389282 260
5.309973478317261 260
5.317903280258179 260
5.3270263671875 260
5.335212707519531 260
5.344218730926514 260
5.352197170257568 260
5.359548091888428 260
5.367788791656494 260
5.375773906707764 260
5.385042428970337 260
5.393056392669678 260
5.400312185287476 260
5.408627986907959 260
5.416306734085083 260
5.424887657165527 260
5.436336994171143 260
5.446026563644409 260
5.455110788345337 260
5.463118076324463 260
5.471423864364624 260
5.479691982269287 260
5.487993240356445 260
5.495986461639404 260
5.504206895828247 260
5.5178234577178955 260
5.53341269493103 260
5.5442047119140625 260
5.552777528762817 260
5.562124013900757 260
5.571789503097534 260
5.582750558853149 260
5.589987277984619 260
5.598636865615845 260
5.606759786605835 260
5.61492395401001 260
5.622869968414307 260
5.630125522613525 260
5.639653205871582 260
5.647854804992676 260
5.655822038650513 260
5.664164304733276 260
5.672131776809692 260
5.679490804672241 260
5.688656806945801 260
5.6962950229644775 260
5.704755544662476 260
5.712770700454712 260
5.71997332572937 260
5.728301525115967 260
5.738609313964844 260
5.746283054351807 260
5.754717826843262 260
5.762731075286865 260
5.769938707351685 260
5.777908802032471 260
5.787240743637085 260
5.79525089263916 260
5.803221940994263 260
5.810973167419434 260
5.8187031745910645 260
5.8263490200042725 260
5.839376926422119 260
5.847742557525635 260
5.855905771255493 260
5.864572048187256 260
5.872345447540283 260
5.879688501358032 260
5.8889994621276855 260
5.8970255851745605 260
5.905288934707642 260
5.9132609367370605 260
5.921427011489868 260
5.928829193115234 260
5.936642646789551 260
5.945641994476318 260
5.953646421432495 260
5.961838245391846 260
5.969369173049927 260
5.977456331253052 260
5.985470294952393 260
5.994906425476074 260
6.002914190292358 260
6.010156869888306 260
6.018322706222534 260
6.026308298110962 260
6.034767389297485 260
6.0434746742248535 260
6.051656246185303 260
6.059026479721069 260
6.067123651504517 260
6.075132846832275 260
6.083130359649658 260
6.092285633087158 260
6.099638938903809 260
6.107758045196533 260
6.115774631500244 260
6.124114990234375 260
6.132110118865967 260
6.146963357925415 260
6.155116319656372 260
6.163114547729492 260
6.170326232910156 260
6.1786487102508545 260
6.186316013336182 260
6.195549011230469 260
6.203534364700317 260
6.211857318878174 260
6.219279050827026 260
6.227375030517578 260
6.235412359237671 260
6.248601675033569 260
6.2569122314453125 260
6.265231370925903 260
6.273229598999023 260
6.2809929847717285 260
6.288794040679932 260
6.297697305679321 260
6.305712699890137 260
6.313908576965332 260
6.3218700885772705 260
6.32939600944519 260
6.337531089782715 260
6.3461830615997314 260
6.354596853256226 260
6.362644672393799 260
6.369898796081543 260
6.377882719039917 260
6.386010408401489 260
6.3942413330078125 260
6.403231382369995 260
6.41101598739624 260
6.418736457824707 260
6.426348447799683 260
6.434804916381836 260
6.442773342132568 260
6.451996564865112 260
6.459356069564819 260
6.467437267303467 260
6.4754438400268555 260
6.483433246612549 260
6.4915931224823 260
6.499763250350952 260
6.513434648513794 260
6.521861791610718 260
6.529374837875366 260
6.537668943405151 260
6.545663118362427 260
6.555389404296875 260
6.563366889953613 260
6.571743965148926 260
6.5791404247283936 260
6.587239027023315 260
6.595272779464722 260
6.604284763336182 260
6.612262487411499 260
6.619644403457642 260
6.62791109085083 260
6.635981559753418 260
6.6482627391815186 260
6.657480478286743 260
6.665644884109497 260
6.673661947250366 260
6.681858777999878 260
6.68941593170166 260
6.69747257232666 260
6.706265687942505 260
6.71859073638916 260
6.727885007858276 260
6.738016605377197 260
6.74586033821106 260
6.757542848587036 260
6.765710353851318 260
6.774163007736206 260
6.78270959854126 260
6.790960788726807 260
6.7997729778289795 260
6.809923887252808 260
6.817941665649414 260
6.82800030708313 260
6.835987329483032 260
6.844954967498779 260
6.8529040813446045 260
6.8601462841033936 260
6.86866021156311 260
6.877492666244507 260
6.88550591468811 260
6.893479108810425 260
6.901745080947876 260
6.909264802932739 260
6.917336940765381 260
6.926260948181152 260
6.9347357749938965 260
6.942771911621094 260
6.95000696182251 260
6.957949161529541 260
6.9659199714660645 260
6.974062442779541 260
6.983125448226929 260
6.991458415985107 260
6.998839378356934 260
7.00666356086731 260
