0.01879143714904785 0
0.027316808700561523 -1
0.03601503372192383 0
0.044061899185180664 0
0.05147504806518555 1
0.059632301330566406 3
0.06764340400695801 6
0.07550644874572754 9
0.084442138671875 13
0.09186410903930664 16
0.09996271133422852 20
0.10813331604003906 25
0.11608719825744629 31
0.12444424629211426 36
0.13274860382080078 42
0.14081311225891113 47
0.14866209030151367 52
0.15688276290893555 58
0.16483139991760254 64
0.17218732833862305 70
0.18044257164001465 76
0.1896347999572754 82
0.19768905639648438 88
0.20563864707946777 94
0.21287965774536133 100
0.2209329605102539 106
0.22879886627197266 113
0.2382519245147705 121
0.24626731872558594 127
0.2544381618499756 133
0.2617948055267334 138
0.26986026763916016 144
0.2778902053833008 151
0.2876749038696289 159
0.29566359519958496 166
0.30364179611206055 172
0.31140995025634766 178
0.31934118270874023 185
0.3313782215118408 195
0.3403606414794922 203
0.3484954833984375 210
0.35682058334350586 216
0.36478614807128906 222
0.37230515480041504 229
0.3804051876068115 236
0.3893747329711914 242
0.39748716354370117 249
0.4054908752441406 256
0.412700891494751 262
0.4211571216583252 268
0.42886805534362793 275
0.4382035732269287 283
0.44623708724975586 290
0.45445775985717773 296
0.4618711471557617 300
0.47003173828125 307
0.47824883460998535 312
0.4875514507293701 316
0.495603084564209 320
0.5036444664001465 323
0.5114493370056152 325
0.5193910598754883 327
0.5275070667266846 328
0.5354950428009033 328
0.545612096786499 327
0.5528573989868164 325
0.5611886978149414 323
0.5688598155975342 320
0.5773646831512451 317
0.5853586196899414 314
0.5943663120269775 308
0.6019723415374756 305
0.6101090908050537 300
0.6181387901306152 296
0.6261439323425293 290
0.6345291137695312 284
0.6428720951080322 279
0.651292085647583 274
0.6595377922058105 268
0.6677141189575195 262
0.6757946014404297 257
0.6836488246917725 252
0.692274808883667 245
0.7004461288452148 240
0.7084715366363525 236
0.7168800830841064 232
0.7285654544830322 226
0.7371799945831299 224
0.7460391521453857 220
0.7544815540313721 219
0.7621710300445557 218
0.7703287601470947 217
0.7785317897796631 218
0.7868208885192871 218
0.7957708835601807 220
0.8035821914672852 222
0.8114223480224609 224
0.8194022178649902 227
0.8275880813598633 230
0.835564374923706 234
0.8447921276092529 239
0.8522050380706787 243
0.8603479862213135 248
0.868419885635376 252
0.8766992092132568 256
0.8847131729125977 260
0.8936326503753662 264
0.9017434120178223 268
0.9098865985870361 271
0.9179561138153076 274
0.9259951114654541 278
0.9342281818389893 280
0.9416313171386719 282
0.9505057334899902 284
0.9586818218231201 285
0.9669246673583984 286
0.9749383926391602 286
0.9822976589202881 286
0.9904472827911377 286
0.9995596408843994 285
1.0077531337738037 284
1.0159151554107666 282
1.0243701934814453 280
1.031815528869629 278
1.0399713516235352 276
1.0486586093902588 273
1.0569186210632324 271
1.0652086734771729 268
1.07234787940979 266
1.0806291103363037 264
1.0887014865875244 262
1.0979983806610107 260
1.106001615524292 257
1.1142287254333496 255
1.12162446975708 254
1.1341221332550049 252
1.1418452262878418 251
1.1512730121612549 250
1.1593916416168213 249
1.167585849761963 248
1.17563796043396 248
1.1828877925872803 248
1.1911835670471191 248
1.2003426551818848 249
1.2084264755249023 250
1.2166483402252197 250
1.2246148586273193 251
1.2320115566253662 252
1.2401087284088135 253
1.2481439113616943 254
1.2575767040252686 255
1.2655882835388184 256
1.272881031036377 257
1.2814106941223145 258
1.2892506122589111 259
1.2975091934204102 260
1.3064906597137451 261
1.3144853115081787 261
1.3220674991607666 262
1.3301541805267334 262
1.3381378650665283 263
1.3461601734161377 263
1.3554108142852783 263
1.3626253604888916 263
1.3707771301269531 264
1.3787899017333984 264
1.387298583984375 263
1.3952844142913818 263
1.4042913913726807 263
1.4119000434875488 263
1.4199836254119873 263
1.4279983043670654 262
1.4360144138336182 262
1.4443514347076416 262
1.452681541442871 262
1.4607620239257812 262
1.4685704708099365 262
1.4767382144927979 262
1.4846978187561035 262
1.492058277130127 261
1.5002727508544922 261
1.5092418193817139 261
1.5174345970153809 261
1.528512716293335 261
1.5373179912567139 261
1.5459530353546143 261
1.5553243160247803 261
1.5628199577331543 261
1.5712814331054688 261
1.5788800716400146 261
1.5873398780822754 261
1.5953097343444824 261
1.6024892330169678 261
1.6115942001342773 261
1.6197888851165771 261
1.627798080444336 261
1.6357731819152832 261
1.6431851387023926 261
1.651306390762329 261
1.6600666046142578 261
1.668212652206421 261
1.6761548519134521 261
1.6844913959503174 261
1.6918652057647705 261
1.6999540328979492 261
1.7086730003356934 261
1.7168776988983154 261
1.7247536182403564 261
1.732344388961792 261
1.7406022548675537 261
1.7485404014587402 261
1.75760817527771 261
1.7655558586120605 261
1.772768259048462 261
1.7807693481445312 261
1.7885618209838867 261
1.796917200088501 261
1.8048570156097412 261
1.813605785369873 261
1.8213081359863281 261
1.828883171081543 261
1.837353229522705 261
1.8454477787017822 261
1.8526334762573242 261
1.862004280090332 261
1.87003755569458 261
1.8780465126037598 261
1.886000156402588 261
1.8942008018493652 261
1.9015159606933594 261
1.9104416370391846 261
1.9185435771942139 261
1.9302611351013184 261
1.938368797302246 261
1.9467780590057373 261
1.9547030925750732 261
1.9635717868804932 261
1.971280813217163 261
1.9792392253875732 261
1.987457513809204 261
1.995347499847412 261
2.002530813217163 261
2.012821674346924 261
2.0208959579467773 261
2.028740882873535 261
2.037285804748535 261
2.045201539993286 261
2.0522706508636475 261
2.061628580093384 261
2.069734573364258 261
2.077711820602417 261
2.0856852531433105 261
2.0928711891174316 261
2.101314067840576 261
2.1088943481445312 261
2.1181111335754395 261
2.126061201095581 261
2.1342365741729736 261
2.141582727432251 261
2.1495680809020996 261
2.1578080654144287 261
2.166790008544922 261
2.17474102973938 261
2.1820695400238037 261
2.19032883644104 261
2.1982691287994385 261
2.206261396408081 261
2.2154390811920166 261
2.2228565216064453 261
2.230917453765869 261
2.238769292831421 261
2.2469160556793213 261
2.2548961639404297 261
2.262214183807373 261
2.271369218826294 261
2.279475688934326 261
2.2875783443450928 261
2.2955007553100586 261
2.3026821613311768 261
2.310619831085205 261
2.320017099380493 261
2.330901622772217 261
2.3401825428009033 261
2.3482747077941895 261
2.3562703132629395 261
2.3646109104156494 261
2.3729047775268555 261
2.381186008453369 261
2.3888180255889893 261
2.397423267364502 261
2.405355453491211 261
2.41252064704895 261
2.421511173248291 261
2.4295010566711426 261
2.437518358230591 261
2.445436954498291 261
2.452821731567383 261
2.46124005317688 261
2.4700143337249756 261
2.477997303009033 261
2.485966920852661 261
2.494107246398926 261
2.5014641284942627 261
2.509354829788208 261
2.517632484436035 261
2.526651620864868 261
2.540400743484497 261
2.549349308013916 261
2.5577402114868164 261
2.5686917304992676 261
2.57735538482666 261
2.5867247581481934 261
2.594047784805298 261
2.601775646209717 261
2.6109368801116943 261
2.6203956604003906 261
2.628657341003418 261
2.6397178173065186 261
2.648594379425049 261
2.656744956970215 261
2.664714813232422 261
2.6720492839813232 261
2.680055618286133 261
2.6881892681121826 261
2.697584867477417 261
2.7054944038391113 261
2.712869167327881 261
2.7209370136260986 261
2.7327864170074463 261
2.741199493408203 261
2.7502572536468506 261
2.7584640979766846 261
2.766652822494507 261
2.7746591567993164 261
2.7819712162017822 261
2.79034686088562 261
2.800011157989502 261
2.808023452758789 261
2.8159942626953125 261
2.8243162631988525 261
2.8316454887390137 261
2.8398423194885254 261
2.8478684425354004 261
2.8568005561828613 261
2.864738702774048 261
2.8720967769622803 261
2.880312204360962 261
2.888249158859253 261
2.8961939811706543 261
2.9053540229797363 261
2.912508010864258 261
2.9204368591308594 261
2.928410291671753 261
2.9367423057556152 261
2.944692373275757 261
2.953195095062256 261
2.9612557888031006 261
2.9692602157592773 261
2.977465867996216 261
2.9853570461273193 261
2.9925904273986816 261
3.0078396797180176 261
3.0158166885375977 261
3.0235610008239746 261
3.0312840938568115 261
3.038882255554199 261
3.047321081161499 261
3.056030750274658 261
3.0643246173858643 261
3.071657657623291 261
3.0797345638275146 261
3.087756395339966 261
3.0957508087158203 261
3.10483455657959 261
3.1122469902038574 261
3.120490789413452 261
3.128411293029785 261
3.1404199600219727 261
3.1485588550567627 261
3.1578240394592285 261
3.165773391723633 261
3.1731951236724854 261
3.1813931465148926 261
3.1892144680023193 261
3.197355031967163 261
3.2060911655426025 261
3.214311122894287 261
3.221672773361206 261
3.2298669815063477 261
3.2379934787750244 261
3.2459354400634766 261
3.254206418991089 261
3.2623488903045654 261
3.270428419113159 261
3.278381109237671 261
3.286262273788452 261
3.2944483757019043 261
3.30195951461792 261
3.311209201812744 261
3.3188233375549316 261
3.3272807598114014 261
3.3352246284484863 261
3.3422772884368896 261
3.350360155105591 261
3.359710216522217 261
3.367670774459839 261
3.375608444213867 261
3.3828372955322266 261
3.390932083129883 261
3.398754119873047 261
3.4068806171417236 261
3.4159042835235596 261
3.4241890907287598 261
3.431527853012085 261
3.439417600631714 261
3.4475674629211426 261
3.455500602722168 261
3.4645304679870605 261
3.4719152450561523 261
3.4801175594329834 261
3.4882681369781494 261
3.496225357055664 261
3.504422664642334 261
3.5126538276672363 261
3.5205814838409424 261
3.52852725982666 261
3.5408434867858887 261
3.549891948699951 261
3.5579912662506104 261
3.56693434715271 261
3.574840784072876 261
3.5821855068206787 261
3.5903074741363525 261
3.598416328430176 261
3.606602191925049 261
3.6156013011932373 261
3.6235151290893555 261
3.6312472820281982 261
3.638871669769287 261
3.6473398208618164 261
3.655329942703247 261
3.664466619491577 261
3.671840190887451 261
3.679875612258911 261
3.687821626663208 261
3.6957671642303467 261
3.702916383743286 261
3.711230754852295 261
3.7202646732330322 261
3.7282164096832275 261
3.7362160682678223 261
3.7444024085998535 261
3.75195050239563 261
3.760004997253418 261
3.7687606811523438 261
3.777318239212036 261
3.7852160930633545 261
3.792271614074707 261
3.8003323078155518 261
3.808354139328003 261
3.817505359649658 261
3.8254692554473877 261
3.832699775695801 261
3.840928792953491 261
3.8487706184387207 261
3.8569116592407227 261
3.8657846450805664 261
3.873652696609497 261
3.8815488815307617 261
3.889496326446533 261
3.8977463245391846 261
3.905708074569702 261
3.9128754138946533 261
3.921999931335449 261
3.9300618171691895 261
3.9420857429504395 261
3.9503159523010254 261
3.9585013389587402 261
3.9676897525787354 261
3.975709915161133 261
3.9828929901123047 261
3.991205930709839 261
3.9988434314727783 261
4.007483243942261 261
4.0154359340667725 261
4.024665117263794 261
4.03195858001709 261
4.040050745010376 261
4.048062324523926 261
4.055990695953369 261
4.064102411270142 261
4.0723350048065186 261
4.080571889877319 261
4.088540315628052 261
4.096662998199463 261
4.104671239852905 261
4.111976623535156 261
4.121232509613037 261
4.1288487911224365 261
4.137466907501221 261
4.145357847213745 261
4.15254282951355 261
4.160513639450073 261
4.168482542037964 261
4.177680015563965 261
4.185662031173706 261
4.192890167236328 261
4.201330661773682 261
4.208878517150879 261
4.217296600341797 261
4.226099014282227 261
4.2342963218688965 261
4.2416205406188965 261
4.24962306022644 261
4.257845640182495 261
4.265757322311401 261
4.274741172790527 261
4.282149076461792 261
4.29025411605835 261
4.29819655418396 261
4.306101322174072 261
4.314335107803345 261
4.322734117507935 261
4.330777168273926 261
4.342295408248901 261
4.350505590438843 261
4.358600378036499 261
4.366886854171753 261
4.375855445861816 261
4.384113550186157 261
4.391462087631226 261
4.399603605270386 261
4.4076924324035645 261
4.415663003921509 261
4.422870397567749 261
4.431938886642456 261
4.440160036087036 261
4.448110342025757 261
4.456043720245361 261
4.46419882774353 261
4.47150731086731 261
4.480344295501709 261
4.48830246925354 261
4.49663519859314 261
4.504598140716553 261
4.511922121047974 261
4.519991159439087 261
4.529197454452515 261
4.537447929382324 261
4.546024322509766 261
4.554170846939087 261
4.561659336090088 261
4.569636344909668 261
4.578479528427124 261
4.5866663455963135 261
4.594595670700073 261
4.60193657875061 261
4.6099936962127686 261
4.618133783340454 261
4.626069068908691 261
4.635223627090454 261
4.642481803894043 261
4.650480508804321 261
4.658620595932007 261
4.666796922683716 261
4.674752950668335 261
4.684184312820435 261
4.691489934921265 261
4.699376583099365 261
4.707521438598633 261
4.715484142303467 261
4.722692489624023 261
4.7318785190582275 261
4.7444703578948975 261
4.751980543136597 261
4.760215759277344 261
4.768321990966797 261
4.776268005371094 261
4.785508394241333 261
4.792876243591309 261
4.801306486129761 261
4.808875322341919 261
4.817270755767822 261
4.825233697891235 261
4.834167957305908 261
4.841491937637329 261
4.849506139755249 261
4.8577399253845215 261
4.8657066822052 261
4.872872829437256 261
4.881995916366577 261
4.8900697231292725 261
4.898059606552124 261
4.905994415283203 261
4.914135694503784 261
4.9216954708099365 261
4.929728269577026 261
4.938494682312012 261
4.946647644042969 261
4.954591751098633 261
4.961934804916382 261
4.970043420791626 261
4.978171110153198 261
4.9873878955841064 261
4.995333671569824 261
5.0047924518585205 261
5.012134075164795 261
5.020195245742798 261
5.028189182281494 261
5.037445545196533 261
5.045362234115601 261
5.052718877792358 261
5.06081485748291 261
5.068616628646851 261
5.076786041259766 261
5.085705757141113 261
5.09291410446167 261
5.101358890533447 261
5.109213829040527 261
5.117391109466553 261
5.12535834312439 261
5.132528781890869 261
5.145812034606934 261
5.154113054275513 261
5.161776781082153 261
5.1700263023376465 261
5.178239345550537 261
5.187464714050293 261
5.195379972457886 261
5.202570676803589 261
5.2104973793029785 261
5.2186055183410645 261
5.226750612258911 261
5.2346882820129395 261
5.243546724319458 261
5.251234769821167 261
5.2588725090026855 261
5.26729154586792 261
5.274954319000244 261
5.282512664794922 261
5.291656494140625 261
5.300429344177246 261
5.308526515960693 261
5.316622495651245 261
5.324557542800903 261
5.331932544708252 261
5.341254234313965 261
5.348855495452881 261
5.357304096221924 261
5.365206241607666 261
5.372291088104248 261
5.380366086959839 261
5.388365983963013 261
5.397679805755615 261
5.4056031703948975 261
5.412839412689209 261
5.420915126800537 261
5.428743839263916 261
5.437274217605591 261
5.446009635925293 261
5.454187870025635 261
5.461656332015991 261
5.469633340835571 261
5.477723836898804 261
5.485687017440796 261
5.4946815967559814 261
5.502007007598877 261
5.510088682174683 261
5.518205165863037 261
5.526150465011597 261
5.534311532974243 261
5.54793906211853 261
5.5558812618255615 261
5.564199686050415 261
5.571799278259277 261
5.58003044128418 261
5.587997913360596 261
5.5968921184539795 261
5.604811429977417 261
5.612160921096802 261
5.620238542556763 261
5.628217458724976 261
5.636139154434204 261
5.645285367965698 261
5.652351379394531 261
5.660480737686157 261
5.668399333953857 261
5.676565885543823 261
5.684461832046509 261
5.691840410232544 261
5.701212644577026 261
5.7088353633880615 261
5.717296123504639 261
5.725193500518799 261
5.7322821617126465 261
5.740356206893921 261
5.749515771865845 261
5.757709264755249 261
5.765700578689575 261
5.772876739501953 261
5.7811665534973145 261
5.788776397705078 261
5.797996997833252 261
5.805987596511841 261
5.822355031967163 261
5.830626726150513 261
5.839339971542358 261
5.848284721374512 261
5.8562633991241455 261
5.864446401596069 261
5.871814012527466 261
5.880034685134888 261
5.888061285018921 261
5.89599347114563 261
5.905228137969971 261
5.9122960567474365 261
5.920424461364746 261
5.928345441818237 261
5.936266899108887 261
5.9497971534729 261
5.958070755004883 261
5.9660022258758545 261
5.974310398101807 261
5.981691122055054 261
5.9896399974823 261
5.997847557067871 261
6.006807327270508 261
6.014730453491211 261
6.022057771682739 261
6.030094623565674 261
6.038044214248657 261
6.052365064620972 261
6.060615301132202 261
6.06856369972229 261
6.076740503311157 261
6.084690809249878 261
6.092184066772461 261
6.101370811462402 261
6.109248876571655 261
6.117591619491577 261
6.125566244125366 261
6.132801532745361 261
6.140841484069824 261
6.148664236068726 261
6.157850742340088 261
6.165819406509399 261
6.173523426055908 261
6.181440114974976 261
6.189340114593506 261
6.197484731674194 261
6.206184387207031 261
6.214327812194824 261
6.221848964691162 261
6.229957580566406 261
6.238079786300659 261
6.2459893226623535 261
6.254915952682495 261
6.262252569198608 261
6.270319223403931 261
6.27825140953064 261
6.28626561164856 261
6.2944629192352295 261
6.301954746246338 261
6.3109071254730225 261
6.318766355514526 261
6.3269078731536865 261
6.334838151931763 261
6.34726881980896 261
6.355966329574585 261
6.364382982254028 261
6.371896505355835 261
6.379961013793945 261
6.3879008293151855 261
6.395865440368652 261
6.4036266803741455 261
6.412152528762817 261
6.420366048812866 261
6.428338289260864 261
6.43657660484314 261
6.444464206695557 261
6.451807737350464 261
6.460590600967407 261
6.468565464019775 261
6.4769275188446045 261
6.484875679016113 261
6.492238998413086 261
6.50032377243042 261
6.508939504623413 261
6.517326354980469 261
6.525265693664551 261
6.5323498249053955 261
6.540621757507324 261
6.549623012542725 261
6.558407545089722 261
6.56663703918457 261
6.574558734893799 261
6.581948757171631 261
6.590017795562744 261
6.598182201385498 261
6.606117486953735 261
6.615622520446777 261
6.622837066650391 261
6.630895614624023 261
6.638727903366089 261
6.646894216537476 261
6.654808044433594 261
6.6640777587890625 261
6.6714489459991455 261
6.679370880126953 261
6.6874871253967285 261
6.695371866226196 261
6.702547073364258 261
6.7116076946258545 261
6.719799041748047 261
6.727818965911865 261
6.735771894454956 261
6.747804403305054 261
6.755758047103882 261
6.764923810958862 261
6.772665500640869 261
6.780916452407837 261
6.788767576217651 261
6.79694128036499 261
6.804900407791138 261
6.814096212387085 261
6.821472644805908 261
6.8293561935424805 261
6.8376524448394775 261
6.845576763153076 261
6.8528618812561035 261
6.860913515090942 261
6.870159864425659 261
6.878123998641968 261
6.8861000537872314 261
6.89423680305481 261
6.901777505874634 261
6.909879446029663 261
6.918604135513306 261
6.926832675933838 261
6.934761047363281 261
6.9421226978302 261
6.950224161148071 261
6.958330869674683 261
6.9675188064575195 261
6.975490093231201 261
6.982679605484009 261
6.990563154220581 261
6.998684644699097 261
7.006880044937134 261
