0.018982410430908203 0
0.026787757873535156 0
0.03388643264770508 1
0.041814565658569336 2
0.0511622428894043 4
0.059134483337402344 7
0.06690740585327148 10
0.07386994361877441 14
0.08187985420227051 18
0.08979582786560059 22
0.09766936302185059 27
0.10647344589233398 32
0.1138763427734375 37
0.12184810638427734 42
0.12972402572631836 48
0.13757872581481934 54
0.14570093154907227 59
0.15384292602539062 65
0.16186738014221191 70
0.16987848281860352 77
0.17777514457702637 83
0.1859877109527588 89
0.1932849884033203 93
0.20212936401367188 101
0.2100539207458496 107
0.21814918518066406 114
0.22601771354675293 120
0.2334601879119873 125
0.24139189720153809 131
0.24929499626159668 137
0.2621486186981201 149
0.27011680603027344 155
0.27834463119506836 162
0.28618645668029785 168
0.29370832443237305 174
0.30279016494750977 181
0.31047582626342773 188
0.3188624382019043 194
0.3264596462249756 200
0.3336832523345947 207
0.3416562080383301 214
0.3497285842895508 220
0.35892343521118164 227
0.36689066886901855 233
0.3740267753601074 240
0.3819875717163086 246
0.38990211486816406 252
0.39809751510620117 257
0.4070284366607666 262
0.4143531322479248 267
0.4223942756652832 271
0.4302201271057129 275
0.43873023986816406 278
0.4464457035064697 282
0.4555990695953369 284
0.4629509449005127 286
0.47109007835388184 287
0.47913646697998047 288
0.4870162010192871 288
0.49418115615844727 288
0.502084493637085 288
0.5111520290374756 287
0.5192203521728516 286
0.527118444442749 284
0.5344393253326416 283
0.5426793098449707 282
0.5502889156341553 280
0.5594766139984131 278
0.567453145980835 276
0.5757362842559814 274
0.5830292701721191 273
0.591238260269165 271
0.5992202758789062 270
0.6080946922302246 268
0.6159753799438477 266
0.6233072280883789 266
0.6313285827636719 264
0.639293909072876 264
0.6471784114837646 263
0.65968918800354 262
0.6676039695739746 262
0.6759955883026123 261
0.683466911315918 261
0.691582441329956 260
0.6996445655822754 260
0.7075004577636719 260
0.7163989543914795 261
0.7236900329589844 261
0.7316911220550537 261
0.739607572555542 261
0.7474236488342285 261
0.75504469871521 261
0.7644076347351074 262
0.7727921009063721 262
0.7803022861480713 262
0.788367509841919 262
0.7962219715118408 262
0.8034563064575195 262
0.8123385906219482 262
0.8200366497039795 262
0.8282902240753174 262
0.8361532688140869 262
0.843388557434082 262
0.8513092994689941 262
0.8592007160186768 262
0.8677899837493896 262
0.8758630752563477 262
0.883143424987793 262
0.8912398815155029 262
0.8991518020629883 262
0.9069972038269043 262
0.9158592224121094 262
0.9231231212615967 262
0.9309396743774414 262
0.9389364719390869 262
0.9467713832855225 262
0.9540276527404785 262
0.9631550312042236 262
0.9710965156555176 262
0.9790709018707275 262
0.9869637489318848 262
0.9940845966339111 262
1.0019524097442627 262
1.0099825859069824 262
1.0192759037017822 262
1.0271399021148682 262
1.0342578887939453 262
1.042145013809204 262
1.0499978065490723 262
1.061582326889038 262
1.0707612037658691 262
1.0790133476257324 262
1.086822509765625 262
1.0941812992095947 262
1.1020138263702393 262
1.1099002361297607 262
1.118964672088623 262
1.1274693012237549 262
1.1356828212738037 262
1.1429431438446045 262
1.1503863334655762 262
1.1584744453430176 262
1.167348861694336 262
1.1744134426116943 262
1.1823861598968506 262
1.1903324127197266 262
1.1983757019042969 262
1.2062149047851562 262
1.2134301662445068 262
1.222438097000122 262
1.2301225662231445 262
1.2381629943847656 262
1.2460145950317383 262
1.2534141540527344 262
1.2614006996154785 262
1.2700746059417725 262
1.2780871391296387 262
1.285872459411621 262
1.2930998802185059 262
1.3008747100830078 262
1.309147596359253 262
1.316967487335205 262
1.3258171081542969 262
1.3330349922180176 262
1.3409206867218018 262
1.3490674495697021 262
1.3568897247314453 262
1.363851547241211 262
1.3731274604797363 262
1.3808681964874268 262
1.3888864517211914 262
1.3967812061309814 262
1.403743028640747 262
1.4116923809051514 262
1.4203569889068604 262
1.4289000034332275 262
1.436743974685669 262
1.4437096118927002 262
1.4516541957855225 262
1.4633071422576904 262
1.4724152088165283 262
1.4804167747497559 262
1.489001989364624 262
1.4968552589416504 262
1.5037832260131836 262
1.5117599964141846 262
1.5196247100830078 262
1.5287275314331055 262
1.5363659858703613 262
1.5435774326324463 262
1.5517141819000244 262
1.5595932006835938 262
1.567448616027832 262
1.5762972831726074 262
1.583528757095337 262
1.5914974212646484 262
1.599376916885376 262
1.6072885990142822 262
1.6151354312896729 262
1.6234397888183594 262
1.6313960552215576 262
1.6392936706542969 262
1.6471836566925049 262
1.6542749404907227 262
1.6621110439300537 262
1.6701080799102783 262
1.6792125701904297 262
1.6870110034942627 262
1.6940577030181885 262
1.7019145488739014 262
1.7097833156585693 262
1.7176580429077148 262
1.7264482975006104 262
1.733839988708496 262
1.741974115371704 262
1.7498154640197754 262
1.7577106952667236 262
1.7667217254638672 262
1.7737138271331787 262
1.7824640274047852 262
1.7903549671173096 262
1.7983665466308594 262
1.8061714172363281 262
1.8133747577667236 262
1.8213250637054443 262
1.8301196098327637 262
1.838176965713501 262
1.8460299968719482 262
1.8534331321716309 262
1.8659934997558594 262
1.8734774589538574 262
1.8824448585510254 262
1.8902781009674072 262
1.8983063697814941 262
1.9062204360961914 262
1.9136040210723877 262
1.9215128421783447 262
1.9301321506500244 262
1.9381518363952637 262
1.9458730220794678 262
1.9530880451202393 262
1.9607713222503662 262
1.9690325260162354 262
1.9768590927124023 262
1.9855782985687256 262
1.9927806854248047 262
2.000455141067505 262
2.0099849700927734 262
2.018045663833618 262
2.025867462158203 262
2.0341687202453613 262
2.0419936180114746 262
2.049830913543701 262
2.0576939582824707 262
2.06567120552063 262
2.0729196071624756 262
2.081658124923706 262
2.089733362197876 262
2.097541093826294 262
2.1055824756622314 262
2.1128480434417725 262
2.120356321334839 262
2.128791093826294 262
2.137446880340576 262
2.145106077194214 262
2.1529109477996826 262
2.160365343093872 262
2.1684367656707764 262
2.176267385482788 262
2.1842923164367676 262
2.1923389434814453 262
2.200050115585327 262
2.2082791328430176 262
2.2161500453948975 262
2.2233805656433105 262
2.231306791305542 262
2.2399444580078125 262
2.2477755546569824 262
2.2558398246765137 262
2.267631769180298 262
2.2759053707122803 262
2.284087896347046 262
2.2921226024627686 262
2.300023317337036 262
2.308086633682251 262
2.315866231918335 262
2.3231089115142822 262
2.331151247024536 262
2.339855670928955 262
2.3477096557617188 262
2.3558549880981445 262
2.3630945682525635 262
2.3708667755126953 262
2.37890362739563 262
2.38750958442688 262
2.39570951461792 262
2.402966260910034 262
2.4104671478271484 262
2.418782949447632 262
2.4263932704925537 262
2.4336354732513428 262
2.4424407482147217 262
2.4503121376037598 262
2.4583964347839355 262
2.466219425201416 262
2.4734435081481934 262
2.481485366821289 262
2.4901249408721924 262
2.4981913566589355 262
2.5060338973999023 262
2.5134670734405518 262
2.52156400680542 262
2.5294623374938965 262
2.5383191108703613 262
2.546152114868164 262
2.5533995628356934 262
2.5613133907318115 262
2.5693671703338623 262
2.5772547721862793 262
2.584317207336426 262
2.5933313369750977 262
2.601332187652588 262
2.6092591285705566 262
2.617128849029541 262
2.6241941452026367 262
2.6323671340942383 262
2.6414623260498047 262
2.649486780166626 262
2.6573667526245117 262
2.6692657470703125 262
2.6771373748779297 262
2.6843841075897217 262
2.6936614513397217 262
2.7016260623931885 262
2.709489345550537 262
2.7173879146575928 262
2.724689483642578 262
2.7324109077453613 262
2.741384506225586 262
2.7536516189575195 262
2.764073133468628 262
2.7719531059265137 262
2.780412435531616 262
2.7916362285614014 262
2.7995803356170654 262
2.809204339981079 262
2.816117286682129 262
2.823773145675659 262
2.8330650329589844 262
2.843421459197998 262
2.8528072834014893 262
2.8623032569885254 262
2.8701822757720947 262
2.8788580894470215 262
2.8864216804504395 262
2.893734931945801 262
2.9016880989074707 262
2.9097659587860107 262
2.9176363945007324 262
2.926752805709839 262
2.9401309490203857 262
2.9481871128082275 262
2.9560627937316895 262
2.9633126258850098 262
2.971296548843384 262
2.9799892902374268 262
2.9882078170776367 262
2.9960832595825195 262
3.003340005874634 262
3.011366605758667 262
3.0192835330963135 262
3.0280699729919434 262
3.0358684062957764 262
3.0433108806610107 262
3.051466703414917 262
3.059333086013794 262
3.0711677074432373 262
3.0800368785858154 262
3.088228464126587 262
3.096068859100342 262
3.103341817855835 262
3.111478805541992 262
3.119331121444702 262
3.128204345703125 262
3.13608455657959 262
3.143324851989746 262
3.1513259410858154 262
3.159252643585205 262
3.1671133041381836 262
3.174403429031372 262
3.1834797859191895 262
3.1914303302764893 262
3.1993134021759033 262
3.20719313621521 262
3.21429443359375 262
3.222285509109497 262
3.231417655944824 262
3.239316940307617 262
3.247180461883545 262
3.2543084621429443 262
3.262141227722168 262
3.2700109481811523 261
3.2781424522399902 261
3.2871482372283936 261
3.295055627822876 261
3.3028881549835205 261
3.310445547103882 260
3.318793296813965 260
3.326371908187866 260
3.335083246231079 260
3.342716932296753 260
3.3503098487854004 260
3.358316421508789 260
3.3661227226257324 259
3.37343430519104 259
3.3823370933532715 259
3.3900625705718994 259
3.3981049060821533 259
3.4059596061706543 259
3.41340970993042 259
3.4213333129882812 259
3.4294369220733643 259
3.4383163452148438 259
3.4461889266967773 260
3.4534103870391846 260
3.4613709449768066 260
3.4733965396881104 260
3.481494426727295 260
3.4902918338775635 260
3.498692512512207 259
3.5063531398773193 259
3.513631582260132 259
3.5215892791748047 260
3.5296125411987305 260
3.538703203201294 260
3.5463054180145264 260
3.55351185798645 260
3.561636209487915 260
3.569478750228882 260
3.577352523803711 260
3.58626127243042 260
3.593628406524658 260
3.6015031337738037 260
3.609360694885254 260
3.6171998977661133 260
3.6242599487304688 260
3.6321356296539307 260
3.6417033672332764 260
3.6497201919555664 260
3.657538414001465 260
3.665135145187378 260
3.672697067260742 260
3.6801586151123047 260
3.6894426345825195 260
3.697279453277588 260
3.7043190002441406 260
3.712427854537964 260
3.720109224319458 260
3.728135108947754 260
3.7358663082122803 260
3.743868589401245 260
3.7518222332000732 260
3.7597427368164062 260
3.768810272216797 260
3.7763941287994385 260
3.783582925796509 260
3.792452096939087 260
3.8001456260681152 260
3.808152198791504 260
3.8159828186035156 260
3.8233730792999268 260
3.831543207168579 260
3.840070962905884 260
3.8481059074401855 260
3.855863571166992 260
3.8630337715148926 260
3.8743271827697754 260
3.882410764694214 260
3.891674041748047 260
3.8996834754943848 260
3.9075262546539307 260
3.9151418209075928 260
3.922726631164551 260
3.9301719665527344 260
3.938239574432373 260
3.9470701217651367 260
3.954301118850708 260
3.9621386528015137 260
3.970017671585083 260
3.978022813796997 260
3.9858462810516357 260
3.9938530921936035 260
4.0018298625946045 260
4.009814500808716 260
4.017653226852417 260
4.025686264038086 260
4.032898664474487 260
4.040332794189453 260
4.049410343170166 260
4.0572779178619385 260
4.064321041107178 260
4.072402477264404 260
4.080248117446899 260
4.088268995285034 260
4.0971479415893555 260
4.10418438911438 260
4.111985445022583 260
4.119909286499023 260
4.127736806869507 260
4.135944604873657 260
4.144047021865845 260
4.15189266204834 260
4.159707546234131 260
4.167530536651611 260
4.175534248352051 260
4.182721853256226 260
4.190323114395142 260
4.199337482452393 260
4.207184076309204 260
4.214377403259277 260
4.222143173217773 260
4.229962348937988 260
4.237789154052734 260
4.246875762939453 260
4.2541046142578125 260
4.261892795562744 260
4.273497581481934 260
4.281555652618408 260
4.289567232131958 260
4.298788070678711 260
4.306394100189209 260
4.313745975494385 260
4.321677207946777 260
4.32955002784729 260
4.337408781051636 260
4.345576524734497 260
4.353502511978149 260
4.361401319503784 260
4.369445085525513 260
4.377273797988892 260
4.384337902069092 260
4.39210057258606 260
4.401128768920898 260
4.409046649932861 260
4.416882038116455 260
4.4238386154174805 260
4.431960582733154 260
4.439812660217285 260
4.44768500328064 260
4.456413745880127 260
4.463595867156982 260
4.47164511680603 260
4.47953987121582 260
4.487344264984131 260
4.4951183795928955 260
4.50355339050293 260
4.511512517929077 260
4.5193397998809814 260
4.527210235595703 260
4.534268617630005 260
4.542084217071533 260
4.551335096359253 260
4.559252977371216 260
4.567060470581055 260
4.574122428894043 260
4.5818822383880615 260
4.589725494384766 260
4.597548484802246 260
4.606868028640747 260
4.614092111587524 260
4.621929168701172 260
4.629797458648682 260
4.637602090835571 260
4.645601272583008 260
4.65359091758728 260
4.6614978313446045 260
4.673262596130371 260
4.681319713592529 260
4.6893298625946045 260
4.697179079055786 260
4.706177473068237 260
4.713413238525391 260
4.721310377120972 260
4.729345083236694 260
4.737203359603882 260
4.744313955307007 260
4.752104043960571 260
4.7611072063446045 260
4.769665241241455 260
4.77753758430481 260
4.785139560699463 260
4.792895078659058 260
4.800361156463623 260
4.8094987869262695 260
4.8173933029174805 260
4.824465751647949 260
4.839685916900635 260
4.847522020339966 260
4.85646653175354 260
4.863862752914429 260
4.871804714202881 260
4.87961745262146 260
4.887446165084839 260
4.89508581161499 260
4.9024658203125 260
4.911494493484497 260
4.919331789016724 260
4.927181720733643 260
4.936396598815918 260
4.943595886230469 260
4.951528310775757 260
4.960155963897705 260
4.968369722366333 260
4.976184129714966 260
4.983402729034424 260
4.991502285003662 260
4.99933934211731 260
5.008180141448975 260
5.016028881072998 260
5.023286819458008 260
5.031388282775879 260
5.039259433746338 260
5.04714298248291 260
5.054220914840698 260
5.063175201416016 260
5.075063705444336 260
5.082824230194092 260
5.0908732414245605 260
5.099052429199219 260
5.106842756271362 260
5.1157307624816895 260
5.123099088668823 260
5.130872964859009 260
5.138843536376953 260
5.146396160125732 260
5.153746843338013 260
5.16279411315918 260
5.1702880859375 260
5.178294658660889 260
5.1860785484313965 260
5.193302869796753 260
5.201237678527832 260
5.209293603897095 260
5.21807861328125 260
5.225853681564331 260
5.23313045501709 260
5.2408740520477295 260
5.249059200286865 260
5.256831169128418 260
5.265623331069946 260
5.2730138301849365 260
5.28046178817749 260
5.28874945640564 260
5.29634428024292 260
5.30354905128479 260
5.312402009963989 260
5.320130348205566 260
5.328296422958374 260
5.336072683334351 260
5.343311071395874 260
5.351274251937866 260
5.359151363372803 260
5.36778450012207 260
5.375828981399536 260
5.3831915855407715 260
5.391274929046631 260
5.399134874343872 260
5.406970977783203 260
5.415789604187012 260
5.42298150062561 260
5.430450201034546 260
5.438706874847412 260
5.446234226226807 260
5.453567743301392 260
5.461522817611694 260
5.47414231300354 260
5.48203182220459 260
5.4900124073028564 260
5.497790575027466 260
5.505911111831665 260
5.513299226760864 260
5.522008419036865 260
5.529906988143921 260
5.5377116203308105 260
5.545715808868408 260
5.552962064743042 260
5.560389995574951 260
5.569613218307495 260
5.577420473098755 260
5.585056304931641 260
5.5924293994903564 260
5.600114822387695 260
5.608097553253174 260
5.6158716678619385 260
5.623725414276123 260
5.631823301315308 260
5.6397998332977295 260
5.647609233856201 260
5.655580997467041 260
5.662748336791992 260
5.6715333461761475 260
5.679373025894165 260
5.687197923660278 260
5.694380760192871 260
5.702243328094482 260
5.710211992263794 260
5.7191548347473145 260
5.726978778839111 260
5.734064340591431 260
5.7418951988220215 260
5.749873876571655 260
5.757675647735596 260
5.766716480255127 260
5.775577545166016 260
5.78277063369751 260
5.790300369262695 260
5.798346996307373 260
5.806156635284424 260
5.813501596450806 260
5.822390556335449 260
5.830073595046997 260
5.838099479675293 260
5.8458733558654785 260
5.853099346160889 260
5.860871076583862 260
5.869049310684204 260
5.881817579269409 260
5.889792203903198 260
5.897626161575317 260
5.905845403671265 260
5.919238090515137 260
5.9282567501068115 260
5.9360511302948 260
5.943328619003296 260
5.9511659145355225 260
5.9591076374053955 260
5.966892242431641 260
5.975567817687988 260
5.982796669006348 260
5.9904680252075195 260
5.998775005340576 260
6.006390333175659 260
6.013594150543213 260
6.021503448486328 260
6.030315637588501 260
6.038350582122803 260
6.046175241470337 260
6.053571701049805 260
6.061537981033325 260
6.069396018981934 260
6.078185081481934 260
6.085958003997803 260
6.093195676803589 260
6.101051568984985 260
6.109115362167358 260
6.116948366165161 260
6.124049425125122 260
6.13290810585022 260
6.140362501144409 260
6.149316072463989 260
6.157135248184204 260
6.164341449737549 260
6.1724207401275635 260
6.181394577026367 260
6.189260244369507 260
6.197077751159668 260
6.204180955886841 260
6.2120161056518555 260
6.2198193073272705 260
6.229070425033569 260
6.23689866065979 260
6.243880033493042 260
6.251807451248169 260
6.259643077850342 260
6.267513990402222 260
6.280164957046509 260
6.2887396812438965 260
6.296398639678955 260
6.303740739822388 260
6.3116936683654785 260
6.319540500640869 260
6.327395439147949 260
6.336236476898193 260
6.343430519104004 260
6.351502418518066 260
6.359369516372681 260
6.367209434509277 260
6.374302864074707 260
6.383321762084961 260
6.391315460205078 260
6.399196147918701 260
6.406994104385376 260
6.414222478866577 260
6.422384977340698 260
6.43130087852478 260
6.439159631729126 260
6.446993827819824 260
6.454057455062866 260
6.46187686920166 260
6.469818115234375 260
6.477710723876953 260
6.486745834350586 260
6.493698596954346 260
6.501691818237305 260
6.509583473205566 260
6.517391920089722 260
6.524472236633301 260
6.533538341522217 260
6.541513442993164 260
6.549516201019287 260
6.557361125946045 260
6.5643885135650635 260
6.572359561920166 260
6.580019235610962 260
6.589341640472412 260
6.597220182418823 260
6.6042890548706055 260
6.612086296081543 260
6.619924783706665 260
6.627738952636719 260
6.636791944503784 260
6.643731117248535 260
6.651815414428711 260
6.659644842147827 260
6.667503595352173 260
6.679342269897461 260
6.688366174697876 260
6.696189880371094 260
6.703504800796509 260
6.711564540863037 260
6.719421148300171 260
6.727242469787598 260
6.735930681228638 260
6.743194580078125 260
6.751049041748047 260
6.759065866470337 260
6.7675395011901855 260
6.775792121887207 260
6.782989025115967 260
6.791651964187622 260
6.799496650695801 260
6.807318210601807 260
6.815100431442261 260
6.822458982467651 260
6.830289363861084 260
6.839275360107422 260
6.8470563888549805 260
6.854106664657593 260
6.861898422241211 260
6.8697428703308105 260
6.8775434494018555 260
6.885172128677368 260
6.893700838088989 260
6.901653289794922 260
6.909508466720581 260
6.91733193397522 260
6.924362897872925 260
6.932372570037842 260
6.941356420516968 260
6.949422597885132 260
6.957267999649048 260
6.964302062988281 260
6.972092628479004 260
6.979904890060425 260
6.987761497497559 260
6.996825218200684 260
7.003752946853638 260
