0.024448156356811523 0
0.0329289436340332 -1
0.04067373275756836 -1
0.048787832260131836 0
0.0569303035736084 2
0.065704345703125 4
0.07477021217346191 7
0.08288049697875977 10
0.09050130844116211 14
0.0987253189086914 18
0.1068124771118164 22
0.11514139175415039 27
0.12349939346313477 33
0.13277220726013184 38
0.14028120040893555 44
0.14852142333984375 49
0.15666413307189941 54
0.1650381088256836 60
0.17342376708984375 66
0.1825404167175293 74
0.1902012825012207 80
0.19846320152282715 86
0.2066025733947754 92
0.21511602401733398 98
0.22347259521484375 104
0.2325606346130371 112
0.24015307426452637 117
0.2485675811767578 124
0.2567462921142578 131
0.26509857177734375 138
0.2734372615814209 144
0.28261804580688477 152
0.290175199508667 157
0.2983834743499756 165
0.30667901039123535 171
0.31501126289367676 178
0.32344889640808105 184
0.3326113224029541 192
0.340134859085083 197
0.34850192070007324 206
0.3566462993621826 212
0.36514902114868164 218
0.37346887588500977 225
0.3825721740722656 233
0.3901329040527344 238
0.39837646484375 246
0.4066731929779053 253
0.4193580150604248 262
0.4278221130371094 270
0.43700337409973145 277
0.44588327407836914 283
0.454118013381958 290
0.4625382423400879 296
0.47017693519592285 300
0.47865819931030273 306
0.4882798194885254 310
0.4964466094970703 313
0.5048816204071045 316
0.5130496025085449 317
0.5207200050354004 318
0.5289835929870605 318
0.5382246971130371 317
0.5465116500854492 315
0.5548310279846191 313
0.5629904270172119 310
0.5707118511199951 307
0.5789625644683838 304
0.5882716178894043 299
0.5964062213897705 294
0.6049587726593018 290
0.6130681037902832 285
0.6207587718963623 280
0.6290702819824219 275
0.638455867767334 268
0.6466286182403564 263
0.6550443172454834 258
0.6635489463806152 254
0.6711447238922119 249
0.6796846389770508 245
0.6887767314910889 240
0.6969621181488037 237
0.7056326866149902 234
0.7138228416442871 232
0.7218022346496582 230
0.7299234867095947 229
0.7394552230834961 228
0.7474281787872314 228
0.7557857036590576 228
0.7638974189758301 229
0.7722702026367188 230
0.7805466651916504 232
0.7901813983917236 234
0.7984488010406494 238
0.806626558303833 240
0.8185462951660156 244
0.8268947601318359 248
0.8364090919494629 252
0.845090389251709 254
0.8534669876098633 258
0.8608825206756592 260
0.8704626560211182 264
0.8790066242218018 266
0.888535737991333 268
0.8968980312347412 270
0.9057207107543945 272
0.9139144420623779 273
0.9222941398620605 274
0.929896354675293 275
0.9393947124481201 276
0.9475727081298828 276
0.9559268951416016 275
0.9641585350036621 275
0.9726922512054443 274
0.9803128242492676 273
0.9897804260253906 272
0.9982571601867676 270
1.0064399242401123 269
1.014869213104248 268
1.0230567455291748 266
1.031031847000122 265
1.0402858257293701 264
1.0486083030700684 262
1.056779146194458 262
1.0653889179229736 260
1.0735669136047363 259
1.0809721946716309 258
1.097717046737671 257
1.1067922115325928 256
1.1164743900299072 256
1.1250240802764893 256
1.1331264972686768 256
1.1424462795257568 256
1.1501753330230713 256
1.1584398746490479 256
1.1665911674499512 256
1.174962043762207 256
1.1830646991729736 256
1.1924817562103271 257
1.2000741958618164 257
1.2084627151489258 258
1.2204790115356445 258
1.2289605140686035 258
1.2370994091033936 258
1.2466163635253906 259
1.2553634643554688 259
1.2635133266448975 259
1.2709882259368896 259
1.279428243637085 260
1.2874302864074707 260
1.2964942455291748 260
1.3048534393310547 260
1.3129103183746338 260
1.3203647136688232 260
1.3287105560302734 260
1.336777925491333 260
1.3461108207702637 260
1.3541655540466309 260
1.3624379634857178 260
1.3698973655700684 260
1.3780794143676758 260
1.3863298892974854 260
1.3956451416015625 260
1.4037015438079834 260
1.4110112190246582 260
1.4194040298461914 260
1.4271376132965088 260
1.4357023239135742 260
1.4437589645385742 260
1.4529600143432617 260
1.460374355316162 260
1.4685659408569336 260
1.4766261577606201 260
1.4849364757537842 260
1.492950677871704 260
1.502246618270874 260
1.5098826885223389 260
1.518261432647705 260
1.5263280868530273 260
1.53438138961792 260
1.5426104068756104 260
1.5510752201080322 260
1.5594592094421387 260
1.5675811767578125 260
1.5758140087127686 260
1.5838632583618164 260
1.5911414623260498 260
1.6003687381744385 260
1.6085684299468994 260
1.6204252243041992 260
1.6290271282196045 260
1.637378215789795 260
1.6459202766418457 260
1.6549549102783203 260
1.6630167961120605 260
1.6704416275024414 260
1.6786224842071533 260
1.686819314956665 260
1.6951103210449219 260
1.7042012214660645 260
1.7124769687652588 260
1.7199451923370361 260
1.7281732559204102 260
1.7363367080688477 260
1.7443761825561523 260
1.7537596225738525 260
1.7610700130462646 260
1.7694923877716064 260
1.7779037952423096 260
1.786653995513916 260
1.7949306964874268 260
1.8040399551391602 260
1.8125054836273193 260
1.8199903964996338 260
1.828150749206543 260
1.8362460136413574 260
1.8443303108215332 260
1.853609561920166 260
1.8609187602996826 260
1.8694746494293213 260
1.8774235248565674 260
1.885819673538208 260
1.8938922882080078 260
1.902752161026001 260
1.9104249477386475 260
1.9186079502105713 260
1.9268033504486084 260
1.9350762367248535 260
1.943141222000122 260
1.950530767440796 260
1.9598112106323242 260
1.968005657196045 260
1.9760515689849854 260
1.9841220378875732 260
1.9925603866577148 260
2.0000545978546143 260
2.009878396987915 260
2.022412061691284 260
2.0300331115722656 260
2.0384325981140137 260
2.046691656112671 260
2.0559773445129395 260
2.0640828609466553 260
2.072314977645874 260
2.0797903537750244 260
2.0879108905792236 260
2.096006155014038 260
2.1040751934051514 260
2.1135611534118652 260
2.120832920074463 260
2.129021167755127 260
2.1369426250457764 260
2.1455068588256836 260
2.1535661220550537 260
2.1627063751220703 260
2.170332193374634 260
2.178539991378784 260
2.186551809310913 260
2.194822311401367 260
2.202857732772827 260
2.211806058883667 260
2.219644784927368 260
2.2279586791992188 260
2.236060380935669 260
2.2441160678863525 260
2.2523751258850098 260
2.2605409622192383 260
2.268718719482422 260
2.2767512798309326 260
2.285403251647949 260
2.2934682369232178 260
2.3009450435638428 260
2.3101329803466797 260
2.318316698074341 260
2.3263797760009766 260
2.334686279296875 260
2.3427414894104004 260
2.3503267765045166 260
2.358525276184082 260
2.367687463760376 260
2.3761610984802246 260
2.3847134113311768 260
2.3927664756774902 260
2.4001786708831787 260
2.408511161804199 260
2.4223830699920654 260
2.43013858795166 260
2.438502788543701 260
2.4466986656188965 260
2.4549968242645264 260
2.4639201164245605 260
2.47236704826355 260
2.47977352142334 260
2.4879066944122314 260
2.496006488800049 260
2.504103899002075 260
2.512967109680176 260
2.520416021347046 260
2.5287153720855713 260
2.536794662475586 260
2.5450446605682373 260
2.553084373474121 260
2.560793399810791 260
2.5699925422668457 260
2.57812237739563 260
2.586374521255493 260
2.594456911087036 260
2.6026926040649414 260
2.6101632118225098 260
2.619455099105835 260
2.6271328926086426 260
2.635721445083618 260
2.643739700317383 260
2.651749610900879 260
2.6595802307128906 260
2.6685893535614014 260
2.6766719818115234 260
2.685112237930298 260
2.693140745162964 260
2.7007088661193848 260
2.709015130996704 260
2.7182095050811768 260
2.726398229598999 260
2.734463930130005 260
2.742708444595337 260
2.75015926361084 260
2.7582755088806152 260
2.7676827907562256 260
2.775947332382202 260
2.784855365753174 260
2.792891502380371 260
2.800346612930298 260
2.8085203170776367 260
2.820523262023926 260
2.830089569091797 260
2.838383674621582 260
2.8465847969055176 260
2.854841709136963 260
2.862936496734619 260
2.8722147941589355 260
2.8796885013580322 260
2.887981414794922 260
2.8960626125335693 260
2.9041268825531006 260
2.912355422973633 260
2.920689821243286 260
2.9287240505218506 260
2.936772346496582 260
2.945420980453491 260
2.953463315963745 260
2.960737705230713 260
2.969846248626709 260
2.978074550628662 260
2.9861621856689453 260
2.994197368621826 260
3.002415180206299 260
3.0101048946380615 260
3.018249273300171 260
3.0270965099334717 260
3.035590648651123 260
3.0435948371887207 260
3.0509021282196045 260
3.0656726360321045 260
3.074450731277466 260
3.082850694656372 260
3.090287685394287 260
3.098456859588623 260
3.1065895557403564 260
3.114863395690918 260
3.123772621154785 260
3.131781816482544 260
3.1396706104278564 260
3.1477158069610596 260
3.1559250354766846 260
3.1640210151672363 260
3.172268867492676 260
3.1804792881011963 260
3.188777208328247 260
3.1968066692352295 260
3.2054760456085205 260
3.2135419845581055 260
3.2258529663085938 260
3.233982801437378 260
3.2423934936523438 260
3.2501866817474365 260
3.258472442626953 260
3.2664825916290283 260
3.2757811546325684 260
3.2839083671569824 260
3.2913811206817627 260
3.299502372741699 260
3.3077340126037598 260
3.3159124851226807 260
3.323992967605591 260
3.3330745697021484 260
3.340790033340454 260
3.348782777786255 260
3.3568015098571777 260
3.365487813949585 260
3.3735523223876953 260
3.3826258182525635 260
3.3900740146636963 260
3.3982291221618652 260
3.406339645385742 260
3.414407968521118 260
3.4226832389831543 260
3.431767702102661 260
3.4395713806152344 260
3.447566509246826 260
3.4558603763580322 260
3.463944673538208 260
3.4723472595214844 260
3.4807300567626953 260
3.4890520572662354 260
3.497051239013672 260
3.5055606365203857 260
3.5135810375213623 260
3.520909070968628 260
3.530172109603882 260
3.5383243560791016 260
3.546515464782715 260
3.554802656173706 260
3.562845230102539 260
3.5702717304229736 260
3.578463077545166 260
3.587709665298462 260
3.596041440963745 260
3.6040804386138916 260
3.6125094890594482 260
3.623624801635742 260
3.6337356567382812 260
3.6417198181152344 260
3.649817705154419 260
3.6581292152404785 260
3.6663990020751953 260
3.6747255325317383 260
3.6837925910949707 260
3.691089153289795 260
3.699507713317871 260
3.7074124813079834 260
3.7156970500946045 260
3.723724126815796 260
3.7329273223876953 260
3.7403759956359863 260
3.748566150665283 260
3.756620407104492 260
3.764925479888916 260
3.772939682006836 260
3.7817695140838623 260
3.790541172027588 260
3.7986817359924316 260
3.8067750930786133 260
3.815032720565796 260
3.8230996131896973 260
3.8305139541625977 260
3.8396852016448975 260
3.8479743003845215 260
3.8562257289886475 260
3.8642733097076416 260
3.872553586959839 260
3.8800177574157715 260
3.8891050815582275 260
3.8970184326171875 260
3.9056692123413086 260
3.9137277603149414 260
3.921015739440918 260
3.9293551445007324 260
3.938244342803955 260
3.9463324546813965 260
3.9547314643859863 260
3.9627692699432373 260
3.9703783988952637 260
3.9785449504852295 260
3.988041639328003 260
3.9961023330688477 260
4.004178524017334 260
4.012402296066284 260
4.019805431365967 260
4.0324037075042725 260
4.0409791469573975 260
4.049501895904541 260
4.057701349258423 260
4.065885782241821 260
4.07398533821106 260
4.081818342208862 260
4.090777635574341 260
4.098957538604736 260
4.1068115234375 260
4.1154844760894775 260
4.123585224151611 260
4.130907297134399 260
4.140033721923828 260
4.148321628570557 260
4.156379222869873 260
4.164437294006348 260
4.172675848007202 260
4.180157899856567 260
4.1893932819366455 260
4.197148084640503 260
4.205833911895752 260
4.213925361633301 260
4.2217254638671875 260
4.229565620422363 260
4.237551927566528 260
4.246723175048828 260
4.254978656768799 260
4.262973785400391 260
4.270707607269287 260
4.278724670410156 260
4.286776065826416 260
4.296126127243042 260
4.304210662841797 260
4.312435150146484 260
4.319844961166382 260
4.328164339065552 260
4.336288213729858 260
4.345502614974976 260
4.353573322296143 260
4.360839605331421 260
4.369021654129028 260
4.377089023590088 260
4.3857481479644775 260
4.394676446914673 260
4.40267276763916 260
4.410148620605469 260
4.418304443359375 260
4.430204629898071 260
4.438522577285767 260
4.448112726211548 260
4.456372499465942 260
4.464421033859253 260
4.472662687301636 260
4.480169296264648 260
4.488329172134399 260
4.497119426727295 260
4.505812168121338 260
4.513911008834839 260
4.521138906478882 260
4.5295140743255615 260
4.537457227706909 260
4.546583652496338 260
4.5548529624938965 260
4.562903165817261 260
4.570511817932129 260
4.578649044036865 260
4.586704730987549 260
4.595934152603149 260
4.604082107543945 260
4.61235237121582 260
4.619792938232422 260
4.628117799758911 260
4.636370658874512 260
4.6444091796875 260
4.653752088546753 260
4.661081552505493 260
4.669456481933594 260
4.677098512649536 260
4.6859235763549805 260
4.694051265716553 260
4.703144073486328 260
4.710562467575073 260
4.718698740005493 260
4.726760625839233 260
4.735017776489258 260
4.74306321144104 260
4.7525551319122314 260
4.759999990463257 260
4.773092269897461 260
4.783825159072876 260
4.7920308113098145 260
4.802525043487549 260
4.81271505355835 260
4.820417642593384 260
4.833650588989258 260
4.842451095581055 260
4.850507020950317 260
4.860135078430176 260
4.870438814163208 260
4.8786396980285645 260
4.88910436630249 260
4.899856328964233 260
4.908018589019775 260
4.916065692901611 260
4.924173593521118 260
4.932554006576538 260
4.94000768661499 260
4.949044942855835 260
4.956985235214233 260
4.965514659881592 260
4.973573446273804 260
4.980884790420532 260
4.989417552947998 260
4.998281955718994 260
5.006343841552734 260
5.01439905166626 260
5.022647142410278 260
5.030278444290161 260
5.038445711135864 260
5.047983169555664 260
5.056052923202515 260
5.065790414810181 260
5.0738561153411865 260
5.081124544143677 260
5.089525938034058 260
5.0985188484191895 260
5.106771945953369 260
5.115012884140015 260
5.123060941696167 260
5.130460500717163 260
5.138625383377075 260
5.146649360656738 260
5.156145811080933 260
5.164202451705933 260
5.172576665878296 260
5.180029630661011 260
5.188159465789795 260
5.196253299713135 260
5.20558500289917 260
5.2135703563690186 260
5.220850467681885 260
5.233559608459473 260
5.241008281707764 260
5.250313997268677 260
5.25862193107605 260
5.266672849655151 260
5.274909496307373 260
5.283019542694092 260
5.290744066238403 260
5.298753023147583 260
5.30810809135437 260
5.31624960899353 260
5.324280738830566 260
5.33257794380188 260
5.340022563934326 260
5.348329782485962 260
5.3571085929870605 260
5.365577697753906 260
5.373605966567993 260
5.380913972854614 260
5.389091968536377 260
5.39698600769043 260
5.406397819519043 260
5.414466381072998 260
5.422906398773193 260
5.430378675460815 260
5.438549995422363 260
5.446585416793823 260
5.455851316452026 260
5.463963270187378 260
5.4723801612854 260
5.479771614074707 260
5.487928152084351 260
5.4960784912109375 260
5.505130290985107 260
5.513397455215454 260
5.520707130432129 260
5.528991460800171 260
5.536889314651489 260
5.545526027679443 260
5.553565740585327 260
5.562649488449097 260
5.570082426071167 260
5.57827353477478 260
5.586483716964722 260
5.5946946144104 260
5.602763652801514 260
5.611077547073364 260
5.619446277618408 260
5.629909038543701 260
5.639682769775391 260
5.648064613342285 260
5.657096862792969 260
5.665697336196899 260
5.673765182495117 260
5.6817522048950195 260
5.6895880699157715 260
5.697566032409668 260
5.70602011680603 260
5.715058088302612 260
5.723087549209595 260
5.730555772781372 260
5.738706827163696 260
5.746755361557007 260
5.755035638809204 260
5.764112949371338 260
5.7725465297698975 260
5.780813217163086 260
5.788825511932373 260
5.796866416931152 260
5.805489778518677 260
5.814349889755249 260
5.822595834732056 260
5.830172538757324 260
5.838315963745117 260
5.846367597579956 260
5.854456186294556 260
5.863807439804077 260
5.871089220046997 260
5.879452705383301 260
5.887609958648682 260
5.89578914642334 260
5.903803586959839 260
5.912925958633423 260
5.920372247695923 260
5.928538799285889 260
5.936737775802612 260
5.945401906967163 260
5.953401803970337 260
5.962412118911743 260
5.969875812530518 260
5.978036880493164 260
5.986138820648193 260
5.994192361831665 260
6.0024573802948 260
6.010089635848999 260
6.01935338973999 260
6.027078628540039 260
6.039766788482666 260
6.048081398010254 260
6.056311368942261 260
6.065791130065918 260
6.073818206787109 260
6.08109974861145 260
6.089465141296387 260
6.097113370895386 260
6.105597257614136 260
6.114228248596191 260
6.122543811798096 260
6.130142688751221 260
6.138285875320435 260
6.146328687667847 260
6.154426574707031 260
6.169090986251831 260
6.177029371261597 260
6.18571138381958 260
6.193740606307983 260
6.201718807220459 260
6.2096357345581055 260
6.218609571456909 260
6.2266623973846436 260
6.234919786453247 260
6.242988109588623 260
6.250561475753784 260
6.258715867996216 260
6.268050670623779 260
6.2761547565460205 260
6.284193754196167 260
6.292438983917236 260
6.299889326095581 260
6.308255434036255 260
6.316326856613159 260
6.325831890106201 260
6.333941459655762 260
6.341766595840454 260
6.349608421325684 260
6.357569456100464 260
6.365966081619263 260
6.3749589920043945 260
6.383009433746338 260
6.390475749969482 260
6.398656606674194 260
6.4067041873931885 260
6.414987802505493 260
6.42409348487854 260
6.436123609542847 260
6.444161415100098 260
6.452610969543457 260
6.460308790206909 260
6.468501329421997 260
6.477715253829956 260
6.486047267913818 260
6.494094610214233 260
6.502341985702515 260
6.50977897644043 260
6.517906427383423 260
6.526772499084473 260
6.53504753112793 260
6.543105840682983 260
6.550801515579224 260
6.558961629867554 260
6.566896200180054 260
6.576204061508179 260
6.58425760269165 260
6.592646598815918 260
6.60011625289917 260
6.608469486236572 260
6.616548776626587 260
6.625821113586426 260
6.633905649185181 260
6.641724348068237 260
6.649600982666016 260
6.657665729522705 260
6.666044235229492 260
6.675139904022217 260
6.683406114578247 260
6.6907243728637695 260
6.698758125305176 260
6.706771612167358 260
6.715391397476196 260
6.723476409912109 260
6.7326295375823975 260
6.740084171295166 260
6.7482404708862305 260
6.756335258483887 260
6.764355659484863 260
6.772601842880249 260
6.782560110092163 260
6.790168523788452 260
6.798307180404663 260
6.806350231170654 260
6.8144471645355225 260
6.822713136672974 260
6.835018873214722 260
6.844026803970337 260
6.852545738220215 260
6.8601462841033936 260
6.868476152420044 260
6.87773323059082 260
6.885931491851807 260
6.893992185592651 260
6.9022088050842285 260
6.909815073013306 260
6.9179182052612305 260
6.926012754440308 260
6.935108184814453 260
6.943143129348755 260
6.950527667999268 260
6.958722352981567 260
6.966907024383545 260
6.975507497787476 260
6.9843223094940186 260
6.992593288421631 260
7.000053882598877 260
