0.01733088493347168 0
0.025064945220947266 0
0.03775191307067871 1
0.04708433151245117 2
0.0545504093170166 4
0.06250309944152832 7
0.0701901912689209 10
0.07759928703308105 13
0.08548378944396973 17
0.09337687492370605 22
0.10220599174499512 26
0.10999345779418945 31
0.11720681190490723 35
0.12462115287780762 40
0.1330547332763672 45
0.14058899879455566 51
0.14858126640319824 56
0.15653038024902344 62
0.16415977478027344 68
0.17194533348083496 74
0.1799783706665039 80
0.1871476173400879 84
0.19489121437072754 92
0.20371532440185547 96
0.21150803565979004 102
0.21851682662963867 108
0.2263038158416748 115
0.2340843677520752 121
0.24187564849853516 128
0.2509329319000244 134
0.2579984664916992 140
0.2661256790161133 147
0.2739577293395996 153
0.2817258834838867 160
0.2893249988555908 164
0.29684877395629883 171
0.30561399459838867 178
0.3135828971862793 184
0.32138609886169434 190
0.32846736907958984 197
0.3362267017364502 204
0.3439748287200928 210
0.353057861328125 217
0.3608705997467041 224
0.3678915500640869 230
0.3759899139404297 236
0.38382434844970703 241
0.3917112350463867 248
0.40094518661499023 254
0.40788936614990234 259
0.41579365730285645 264
0.42364501953125 267
0.4361701011657715 273
0.444166898727417 276
0.453472375869751 279
0.46131086349487305 281
0.46854424476623535 282
0.47655224800109863 283
0.4842793941497803 284
0.49256420135498047 284
0.5003571510314941 283
0.5084092617034912 282
0.5162224769592285 282
0.5242063999176025 280
0.5322563648223877 279
0.5400717258453369 278
0.5472631454467773 276
0.5561497211456299 274
0.5640902519226074 272
0.5719249248504639 271
0.5799641609191895 269
0.5871841907501221 268
0.5946111679077148 266
0.6037032604217529 264
0.6115419864654541 263
0.6196887493133545 262
0.6268610954284668 261
0.6342883110046387 260
0.6422557830810547 259
0.6500170230865479 258
0.658362865447998 258
0.666154146194458 257
0.6740779876708984 256
0.6818907260894775 256
0.6899054050445557 256
0.6970760822296143 256
0.7058022022247314 256
0.7136247158050537 256
0.7214152812957764 256
0.7284481525421143 256
0.7364952564239502 257
0.744131326675415 257
0.7518875598907471 257
0.7609941959381104 258
0.7678952217102051 258
0.7757754325866699 258
0.7837474346160889 258
0.7915098667144775 258
0.7992608547210693 258
0.8076093196868896 258
0.815589427947998 259
0.8240537643432617 259
0.8356399536132812 259
0.8436028957366943 259
0.8513782024383545 259
0.8612916469573975 259
0.8684573173522949 259
0.8762366771697998 259
0.8841938972473145 259
0.8922321796417236 259
0.8999953269958496 259
0.9078936576843262 259
0.9160008430480957 259
0.9238173961639404 259
0.9316167831420898 259
0.9388718605041504 259
0.9465265274047852 259
0.9541530609130859 259
0.9632875919342041 259
0.97117018699646 259
0.9783563613891602 259
0.9861280918121338 259
0.993903636932373 259
1.0016837120056152 259
1.0104148387908936 259
1.017632246017456 259
1.0254755020141602 259
1.033522367477417 259
1.041323184967041 259
1.048560619354248 259
1.0564708709716797 259
1.0652544498443604 259
1.0731186866760254 259
1.0808932781219482 259
1.087796688079834 259
1.0957672595977783 259
1.103555679321289 259
1.112250804901123 259
1.1199772357940674 259
1.1271257400512695 259
1.134514570236206 259
1.1425073146820068 259
1.1502327919006348 259
1.157533884048462 259
1.1662728786468506 259
1.1742143630981445 259
1.181952953338623 259
1.189924955368042 259
1.197096347808838 259
1.2045600414276123 259
1.2136785984039307 259
1.2214789390563965 259
1.2285034656524658 259
1.2409768104553223 259
1.2480266094207764 259
1.25614595413208 259
1.26527738571167 259
1.2733361721038818 259
1.2810883522033691 259
1.2880070209503174 259
1.295931339263916 259
1.303877353668213 259
1.311645269393921 259
1.3204946517944336 259
1.3276474475860596 259
1.3356423377990723 259
1.3434195518493652 259
1.3511924743652344 259
1.3582117557525635 259
1.3671648502349854 259
1.3745365142822266 259
1.382615566253662 259
1.3903555870056152 259
1.3976588249206543 259
1.405543565750122 259
1.413356065750122 259
1.4218862056732178 259
1.4298572540283203 259
1.4372704029083252 259
1.4446394443511963 259
1.453064203262329 259
1.4605791568756104 259
1.4692459106445312 259
1.4765722751617432 259
1.484192132949829 259
1.4921836853027344 259
1.4999635219573975 259
1.5070934295654297 259
1.5146410465240479 259
1.5237321853637695 259
1.5315229892730713 259
1.5384986400604248 259
1.5462548732757568 259
1.5540056228637695 259
1.561828851699829 259
1.5710198879241943 259
1.5781702995300293 259
1.5860276222229004 259
1.5937683582305908 259
1.6015169620513916 259
1.6084990501403809 259
1.616241455078125 259
1.625185489654541 259
1.6365530490875244 259
1.6443665027618408 259
1.652503490447998 259
1.6602485179901123 259
1.6675314903259277 259
1.6762232780456543 259
1.6840307712554932 259
1.6918048858642578 259
1.6999826431274414 259
1.707165002822876 259
1.7145135402679443 259
1.7234563827514648 259
1.7312517166137695 259
1.7383067607879639 259
1.7460718154907227 259
1.754002571105957 259
1.7618207931518555 259
1.7699637413024902 259
1.7778935432434082 259
1.7857260704040527 259
1.7935571670532227 259
1.801384449005127 259
1.8084092140197754 259
1.8165159225463867 259
1.8261170387268066 259
1.833918571472168 259
1.841646671295166 259
1.8488736152648926 259
1.856560468673706 259
1.8641867637634277 259
1.8719286918640137 259
1.8811445236206055 259
1.8882153034210205 259
1.8959999084472656 259
1.9037823677062988 259
1.9115402698516846 259
1.9185402393341064 259
1.9275367259979248 259
1.9356091022491455 259
1.9434077739715576 259
1.9511964321136475 259
1.958390235900879 259
1.9661216735839844 259
1.9739058017730713 259
1.98299241065979 259
1.9905192852020264 259
1.9978232383728027 259
2.0073442459106445 259
2.015044689178467 259
2.0229930877685547 259
2.031527280807495 259
2.0433762073516846 259
2.0511279106140137 259
2.058403253555298 259
2.0662760734558105 259
2.074077844619751 259
2.083326578140259 259
2.0910933017730713 259
2.0979552268981934 259
2.1058523654937744 259
2.113814115524292 259
2.121623992919922 259
2.1304287910461426 259
2.1375892162323 259
2.1454455852508545 259
2.153277635574341 259
2.1610116958618164 259
2.167907238006592 259
2.17594838142395 259
2.184497356414795 259
2.1924667358398438 259
2.200181245803833 259
2.207310438156128 259
2.2153167724609375 259
2.223170042037964 259
2.231682538986206 259
2.2397735118865967 259
2.2470364570617676 259
2.254437208175659 259
2.2624127864837646 259
2.2701611518859863 259
2.2773854732513428 259
2.286017656326294 259
2.293910264968872 259
2.3016531467437744 259
2.3088738918304443 259
2.3165624141693115 259
2.324234962463379 259
2.3331692218780518 259
2.3409175872802734 259
2.3479676246643066 259
2.3559865951538086 259
2.3637514114379883 259
2.371511220932007 259
2.378477096557617 259
2.387422800064087 259
2.3952620029449463 259
2.4031405448913574 259
2.4108879566192627 259
2.4179768562316895 259
2.4258625507354736 259
2.4383366107940674 259
2.4462482929229736 259
2.4541804790496826 259
2.4619598388671875 259
2.4701130390167236 259
2.477466106414795 259
2.4862446784973145 259
2.4939658641815186 259
2.501708507537842 259
2.5092880725860596 259
2.5168657302856445 259
2.5242834091186523 259
2.532414197921753 259
2.5412328243255615 259
2.5482819080352783 259
2.556025981903076 259
2.563769817352295 259
2.571671962738037 259
2.579246997833252 259
2.587667226791382 259
2.5956764221191406 259
2.6036603450775146 259
2.611384391784668 259
2.618363618850708 259
2.6260950565338135 259
2.6339192390441895 259
2.642896890640259 259
2.6504056453704834 259
2.6577138900756836 259
2.665592670440674 259
2.6733760833740234 259
2.6811130046844482 259
2.689913034439087 259
2.697070360183716 259
2.7044739723205566 259
2.712573766708374 259
2.7203269004821777 259
2.727531671524048 259
2.7355802059173584 259
2.74405837059021 259
2.7518508434295654 259
2.7598321437835693 259
2.766998291015625 259
2.7745890617370605 259
2.78263258934021 259
2.7914621829986572 259
2.7984654903411865 259
2.8062174320220947 259
2.814049243927002 259
2.8292348384857178 259
2.8460447788238525 259
2.8562724590301514 259
2.8652687072753906 259
2.875326156616211 259
2.8832204341888428 259
2.892568349838257 259
2.903022289276123 259
2.916234254837036 259
2.924546480178833 259
2.9345438480377197 259
2.943620443344116 259
2.9533145427703857 259
2.961130142211914 259
2.971100330352783 259
2.978006362915039 259
2.985905647277832 259
2.9993278980255127 259
3.006640672683716 259
3.015211820602417 259
3.0260801315307617 259
3.0360820293426514 259
3.0451910495758057 259
3.0544774532318115 259
3.06245756149292 259
3.073779582977295 259
3.0835351943969727 259
3.0913264751434326 259
3.100247621536255 259
3.1103765964508057 259
3.117530107498169 259
3.128629207611084 259
3.1368770599365234 259
3.1460909843444824 259
3.1557669639587402 259
3.1635582447052 259
3.1736183166503906 259
3.1814138889312744 259
3.1884634494781494 259
3.203732490539551 259
3.2136030197143555 259
3.2213940620422363 259
3.2424349784851074 259
3.2536442279815674 259
3.2617218494415283 259
3.273280620574951 259
3.2835233211517334 259
3.291314125061035 259
3.303694248199463 259
3.3161540031433105 259
3.3241379261016846 259
3.3330976963043213 259
3.3504838943481445 259
3.3592898845672607 259
3.3709306716918945 259
3.3781661987304688 259
3.3861377239227295 259
3.398008108139038 259
3.4075846672058105 259
3.415518045425415 259
3.423729181289673 259
3.4315025806427 259
3.4392497539520264 259
3.4465792179107666 259
3.455451726913452 259
3.4632349014282227 259
3.471003770828247 259
3.4780216217041016 259
3.4859626293182373 259
3.4938948154449463 259
3.502622365951538 259
3.5103700160980225 259
3.5176689624786377 259
3.525489568710327 259
3.5333328247070312 259
3.5410709381103516 259
3.547935962677002 259
3.5570945739746094 259
3.5645275115966797 259
3.572476625442505 259
3.580223321914673 259
3.587435483932495 259
3.595263719558716 259
3.6037769317626953 259
3.613405227661133 259
3.621185064315796 259
3.6281983852386475 259
3.6360201835632324 259
3.6476824283599854 259
3.6566364765167236 259
3.6644034385681152 259
3.672527313232422 259
3.6802785396575928 259
3.68746280670166 259
3.6952691078186035 259
3.703840494155884 259
3.711648941040039 259
3.719210386276245 259
3.7265543937683105 259
3.7343156337738037 259
3.7423205375671387 259
3.750032663345337 259
3.757958173751831 259
3.7658205032348633 259
3.7738037109375 259
3.7815308570861816 259
3.788611888885498 259
3.7966229915618896 259
3.8085808753967285 259
3.819882392883301 259
3.827545166015625 259
3.835310697555542 259
3.846905469894409 259
3.8545947074890137 259
3.86301851272583 259
3.8710544109344482 259
3.8785343170166016 259
3.8878917694091797 259
3.897467613220215 259
3.906545877456665 259
3.916313648223877 259
3.9240992069244385 259
3.931884527206421 259
3.939842462539673 259
3.947063684463501 259
3.9544708728790283 259
3.9634742736816406 259
3.9712958335876465 259
3.978461980819702 259
3.986201047897339 259
3.9939486980438232 259
4.001779079437256 259
4.009745121002197 259
4.01766562461853 259
4.025511026382446 259
4.033615589141846 259
4.044325828552246 259
4.053474426269531 259
4.0624473094940186 259
4.0701844692230225 259
4.0775206089019775 259
4.085581541061401 259
4.0935399532318115 259
4.101300001144409 259
4.1082916259765625 259
4.117136478424072 259
4.124540567398071 259
4.132466554641724 259
4.140156030654907 259
4.147299289703369 259
4.155255317687988 259
4.1639134883880615 259
4.171672344207764 259
4.178873777389526 259
4.186553955078125 259
4.194186687469482 259
4.201951265335083 259
4.209995985031128 259
4.21799635887146 259
4.225899934768677 259
4.233689069747925 259
4.241500377655029 259
4.248469114303589 259
4.256228446960449 259
4.265175104141235 259
4.273219585418701 259
4.2809531688690186 259
4.287853479385376 259
4.295904874801636 259
4.303713798522949 259
4.31147027015686 259
4.3203253746032715 259
4.327507495880127 259
4.335613965988159 259
4.34342098236084 259
4.351163148880005 259
4.358036518096924 259
4.36702036857605 259
4.374428987503052 259
4.3824052810668945 259
4.390149116516113 259
4.397529363632202 259
4.4054179191589355 259
4.413288354873657 259
4.421871185302734 259
4.429993152618408 259
4.437152624130249 259
4.4483301639556885 259
4.45651650428772 259
4.464288234710693 259
4.47355055809021 259
4.481344699859619 259
4.488377094268799 259
4.4961347579956055 259
4.5039262771606445 259
4.5116963386535645 259
4.520607233047485 259
4.527773380279541 259
4.535616397857666 259
4.5434250831604 259
4.551187515258789 259
4.558367967605591 259
4.566152334213257 259
4.5752644538879395 259
4.583111047744751 259
4.590622186660767 259
4.597789525985718 259
4.605644702911377 259
4.613410472869873 259
4.621933937072754 259
4.62996768951416 259
4.637269020080566 259
4.644899845123291 259
4.652892589569092 259
4.660428762435913 259
4.6676344871521 259
4.676261901855469 259
4.6841771602630615 259
4.692323207855225 259
4.700079441070557 259
4.707218170166016 259
4.714603424072266 259
4.723566293716431 259
4.7313454151153564 259
4.738392114639282 259
4.746141195297241 259
4.754137754440308 259
4.761911630630493 259
4.769914865493774 259
4.77785062789917 259
4.785717010498047 259
4.793591499328613 259
4.8013694286346436 259
4.808409690856934 259
4.816563367843628 259
4.82600474357605 259
4.833794355392456 259
4.845519781112671 259
4.853505849838257 259
4.861281633377075 259
4.868434190750122 259
4.877638101577759 259
4.885540246963501 259
4.893360376358032 259
4.901094436645508 259
4.907979488372803 259
4.917430639266968 259
4.926126003265381 259
4.934084415435791 259
4.941854476928711 259
4.94995379447937 259
4.957096338272095 259
4.964515209197998 259
4.972479343414307 259
4.981283664703369 259
4.988292932510376 259
4.996211528778076 259
5.003952980041504 259
5.0116777420043945 259
5.018876075744629 259
5.027544975280762 259
5.03532862663269 259
5.043286085128784 259
5.051044940948486 259
5.058215856552124 259
5.066013813018799 259
5.073926210403442 259
5.082996129989624 259
5.090513229370117 259
5.097651720046997 259
5.105535268783569 259
5.113548040390015 259
5.121309995651245 259
5.130016565322876 259
5.137146234512329 259
5.14455246925354 259
5.152484655380249 259
5.160207748413086 259
5.167401313781738 259
5.175451993942261 259
5.184036493301392 259
5.191821813583374 259
5.19971776008606 259
5.207074403762817 259
5.214460849761963 259
5.222425937652588 259
5.231195688247681 259
5.238393783569336 259
5.250572443008423 259
5.257847547531128 259
5.26591157913208 259
5.273828506469727 259
5.282485485076904 259
5.290210247039795 259
5.297537565231323 259
5.305322885513306 259
5.313176155090332 259
5.32091760635376 259
5.327832460403442 259
5.337012052536011 259
5.34443998336792 259
5.3525848388671875 259
5.360330104827881 259
5.367499828338623 259
5.3753063678741455 259
5.383872985839844 259
5.391650676727295 259
5.39888596534729 259
5.406525373458862 259
5.414293050765991 259
5.422231197357178 259
5.4299445152282715 259
5.437925577163696 259
5.4458324909210205 259
5.453620433807373 259
5.461392641067505 259
5.468568325042725 259
5.476621627807617 259
5.485423803329468 259
5.493245840072632 259
5.501024007797241 259
5.5079545974731445 259
5.515807628631592 259
5.5235676765441895 259
5.531309604644775 259
5.540253400802612 259
5.54745078086853 259
5.555241346359253 259
5.563094139099121 259
5.570637464523315 259
5.577775001525879 259
5.586575984954834 259
5.594415187835693 259
5.602389812469482 259
5.610114336013794 259
5.617251396179199 259
5.624918222427368 259
5.6328651905059814 259
5.641525030136108 259
5.653536558151245 259
5.661344289779663 259
5.668512344360352 259
5.676522254943848 259
5.6841819286346436 259
5.693249940872192 259
5.701009273529053 259
5.707879543304443 259
5.715941667556763 259
5.723852157592773 259
5.731632709503174 259
5.740413188934326 259
5.747606992721558 259
5.75547456741333 259
5.763275861740112 259
5.771013975143433 259
5.7782135009765625 259
5.786003589630127 259
5.794488430023193 259
5.802494049072266 259
5.810224533081055 259
5.818261623382568 259
5.82601261138916 259
5.833961486816406 259
5.843088388442993 259
5.850626230239868 259
5.857950448989868 259
5.865890741348267 259
5.874366283416748 259
5.882342576980591 259
5.891058444976807 259
5.898214340209961 259
5.905978679656982 259
5.913748502731323 259
5.921528577804565 259
5.928486108779907 259
5.936227321624756 259
5.944873332977295 259
5.95308780670166 259
5.965990781784058 259
5.973774433135986 259
5.981553316116333 259
5.9892895221710205 259
5.997660398483276 259
6.005555629730225 259
6.013569355010986 259
6.021360874176025 259
6.028344631195068 259
6.036146402359009 259
6.048518657684326 259
6.056568622589111 259
6.0643346309661865 259
6.072589159011841 259
6.08034873008728 259
6.087509393692017 259
6.096181869506836 259
6.104012727737427 259
6.111805200576782 259
6.119938135147095 259
6.127084970474243 259
6.1346070766448975 259
6.143500089645386 259
6.151334047317505 259
6.1583428382873535 259
6.1661152839660645 259
6.173938512802124 259
6.1816699504852295 259
6.189208269119263 259
6.1977691650390625 259
6.205657482147217 259
6.213436841964722 259
6.221245288848877 259
6.228261947631836 259
6.236021995544434 259
6.243901968002319 259
6.253095388412476 259
6.260620594024658 259
6.267774343490601 259
6.2755982875823975 259
6.283425569534302 259
6.291193246841431 259
6.2999656200408936 259
6.307120084762573 259
6.3149354457855225 259
6.322896957397461 259
6.330466032028198 259
6.337645769119263 259
6.345540523529053 259
6.354081869125366 259
6.361867189407349 259
6.369816064834595 259
6.377139091491699 259
6.3845460414886475 259
6.392487049102783 259
6.401342391967773 259
6.40836501121521 259
6.416100978851318 259
6.423900842666626 259
6.431694746017456 259
6.4397947788238525 259
6.451894044876099 259
6.4599926471710205 259
6.467357397079468 259
6.475307941436768 259
6.483182668685913 259
6.490920305252075 259
6.499837160110474 259
6.50717830657959 259
6.514563083648682 259
6.522582054138184 259
6.530325651168823 259
6.5374791622161865 259
6.545315265655518 259
6.554056644439697 259
6.561832427978516 259
6.569754123687744 259
6.576633930206299 259
6.5843141078948975 259
6.592264652252197 259
6.599977731704712 259
6.607863426208496 259
6.615951299667358 259
6.6237311363220215 259
6.6315038204193115 259
6.639265775680542 259
6.646623849868774 259
6.6553308963775635 259
6.663177967071533 259
6.670952796936035 259
6.67799711227417 259
6.685864448547363 259
6.69363808631897 259
6.702418088912964 259
6.710189580917358 259
6.7173168659210205 259
6.725050687789917 259
6.733121871948242 259
6.740618944168091 259
6.747762441635132 259
6.756489038467407 259
6.764283657073975 259
6.77222752571106 259
6.779946327209473 259
6.787090063095093 259
6.794879913330078 259
6.802928447723389 259
6.811511516571045 259
6.820266962051392 259
6.82744288444519 259
6.8352227210998535 259
6.843101739883423 259
6.855988502502441 259
6.8639233112335205 259
6.871668815612793 259
6.87978458404541 259
6.8871612548828125 259
6.894926309585571 259
6.902890682220459 259
6.911524057388306 259
6.919248819351196 259
6.926580905914307 259
6.934206485748291 259
6.942209959030151 259
6.94997501373291 259
6.957901954650879 259
6.965778827667236 259
6.973780632019043 259
6.981564521789551 259
6.988576173782349 259
6.996509313583374 259
7.004140853881836 259
