0.019762277603149414 0
0.027408361434936523 0
0.03540301322937012 1
0.043253421783447266 3
0.05043601989746094 5
0.05839228630065918 7
0.06647419929504395 10
0.07532739639282227 15
0.08319473266601562 19
0.09045195579528809 22
0.098388671875 27
0.10626435279846191 31
0.11412858963012695 37
0.12302231788635254 43
0.13043880462646484 47
0.13837409019470215 53
0.14626002311706543 58
0.15420246124267578 64
0.16130328178405762 70
0.16913199424743652 76
0.17837142944335938 82
0.1903538703918457 91
0.19857001304626465 99
0.20664143562316895 103
0.2145071029663086 111
0.2237839698791504 118
0.23085880279541016 124
0.23891353607177734 130
0.24696922302246094 137
0.2550625801086426 143
0.2629363536834717 149
0.2702369689941406 154
0.2789335250854492 163
0.2868022918701172 169
0.29466843605041504 175
0.30277132987976074 182
0.31021595001220703 187
0.3184380531311035 193
0.3272395133972168 201
0.3352987766265869 208
0.34319043159484863 215
0.3504793643951416 219
0.35854125022888184 227
0.3666691780090332 233
0.3757023811340332 240
0.38340282440185547 246
0.3907163143157959 252
0.39880800247192383 257
0.4066810607910156 262
0.4145834445953369 266
0.42275071144104004 270
0.43114590644836426 273
0.4442112445831299 278
0.4544975757598877 281
0.4621706008911133 282
0.47116994857788086 283
0.48206210136413574 284
0.48999714851379395 284
0.4990119934082031 283
0.5065939426422119 283
0.5161592960357666 281
0.5260958671569824 279
0.5331985950469971 278
0.5438790321350098 276
0.5533204078674316 274
0.5608835220336914 272
0.5689589977264404 270
0.5768589973449707 269
0.5886707305908203 266
0.5967562198638916 265
0.606231689453125 263
0.6141917705535889 262
0.622051477432251 261
0.6297187805175781 260
0.6372249126434326 259
0.645313024520874 259
0.6542315483093262 258
0.66135573387146 257
0.6696822643280029 257
0.6771953105926514 257
0.6852748394012451 257
0.6930961608886719 257
0.7003393173217773 257
0.7090821266174316 257
0.717104434967041 257
0.7253298759460449 257
0.7331593036651611 257
0.740426778793335 258
0.7483623027801514 258
0.7569904327392578 258
0.7650609016418457 258
0.7728896141052246 258
0.7801125049591064 259
0.7881574630737305 259
0.7961230278015137 259
0.8047628402709961 259
0.8128211498260498 259
0.8200628757476807 259
0.8277626037597656 259
0.8358666896820068 259
0.8434386253356934 259
0.8508281707763672 259
0.8599305152893066 259
0.8686821460723877 259
0.8765416145324707 259
0.8844051361083984 259
0.8920888900756836 259
0.8997559547424316 259
0.9086716175079346 259
0.9165699481964111 259
0.9244284629821777 259
0.9320743083953857 259
0.9396731853485107 259
0.9471502304077148 259
0.9562110900878906 259
0.9641427993774414 259
0.9713802337646484 259
0.9796991348266602 259
0.9911253452301025 259
0.9990601539611816 259
1.0084691047668457 259
1.0164868831634521 259
1.0243330001831055 259
1.0321300029754639 259
1.0397706031799316 259
1.0472700595855713 259
1.0552804470062256 259
1.0642268657684326 259
1.0713188648223877 259
1.07912015914917 259
1.0871715545654297 259
1.0952482223510742 259
1.1031274795532227 259
1.1116948127746582 259
1.1194257736206055 259
1.1271371841430664 259
1.13523530960083 259
1.1430425643920898 259
1.1504240036010742 259
1.1590943336486816 259
1.16697096824646 259
1.175041675567627 259
1.1828176975250244 259
1.1900708675384521 259
1.1977729797363281 259
1.2059907913208008 259
1.2146193981170654 259
1.2227156162261963 259
1.2299158573150635 259
1.2378957271575928 259
1.2458722591400146 259
1.2537074089050293 259
1.2617030143737793 259
1.2697951793670654 259
1.2772974967956543 259
1.2853143215179443 259
1.2930700778961182 259
1.300337314605713 259
1.308279037475586 259
1.31693696975708 259
1.324767827987671 259
1.332965612411499 259
1.3402657508850098 259
1.3481488227844238 259
1.3560869693756104 259
1.3646619319915771 259
1.3728609085083008 259
1.3800952434539795 259
1.3913841247558594 259
1.3994653224945068 259
1.4073073863983154 259
1.4164435863494873 259
1.4242641925811768 259
1.4313452243804932 259
1.4393584728240967 259
1.447284460067749 259
1.4562695026397705 259
1.4651463031768799 259
1.4729769229888916 259
1.4801809787750244 259
1.4881150722503662 259
1.4962749481201172 259
1.5041489601135254 259
1.5113859176635742 259
1.5204005241394043 259
1.5283069610595703 259
1.5362050533294678 259
1.5440053939819336 259
1.5511319637298584 259
1.5589475631713867 259
1.5680944919586182 259
1.5761375427246094 259
1.583963394165039 259
1.5910475254058838 259
1.5988965034484863 259
1.6067824363708496 259
1.614666223526001 259
1.6237492561340332 259
1.6310205459594727 259
1.638904094696045 259
1.6467809677124023 259
1.6546285152435303 259
1.6626999378204346 259
1.6707472801208496 259
1.678736925125122 259
1.6867387294769287 259
1.6945767402648926 259
1.702629566192627 259
1.709897756576538 259
1.7186639308929443 259
1.7265634536743164 259
1.734452486038208 259
1.7420976161956787 259
1.749871015548706 259
1.757706880569458 259
1.765841007232666 259
1.7744202613830566 259
1.7820682525634766 259
1.794018268585205 259
1.8012254238128662 259
1.8094489574432373 259
1.8174419403076172 259
1.8265550136566162 259
1.8343663215637207 259
1.842146635055542 259
1.849731206893921 259
1.8572494983673096 259
1.8654201030731201 259
1.8742718696594238 259
1.8813395500183105 259
1.8894157409667969 259
1.89713454246521 259
1.9051785469055176 259
1.9130430221557617 259
1.9212291240692139 259
1.929368257522583 259
1.937016248703003 259
1.9450569152832031 259
1.9528400897979736 259
1.9601171016693115 259
1.9678981304168701 259
1.976693868637085 259
1.984544277191162 259
1.992720365524292 259
1.999990463256836 259
2.009093761444092 259
2.0170955657958984 259
2.026113271713257 259
2.0339717864990234 259
2.0410451889038086 259
2.049031972885132 259
2.056875228881836 259
2.0647146701812744 259
2.0727362632751465 259
2.0807254314422607 259
2.088681936264038 259
2.0965449810028076 259
2.104383707046509 259
2.1125757694244385 259
2.1198363304138184 259
2.1285512447357178 259
2.1364428997039795 259
2.144286632537842 259
2.1521482467651367 259
2.159726858139038 259
2.1674015522003174 259
2.176548957824707 259
2.1844732761383057 259
2.1962380409240723 259
2.2041385173797607 259
2.21144437789917 259
2.2197883129119873 259
2.2286925315856934 259
2.2365705966949463 259
2.24438214302063 259
2.251452922821045 259
2.2593994140625 259
2.267138957977295 259
2.2753453254699707 259
2.2842471599578857 259
2.2920303344726562 259
2.299459218978882 259
2.3071587085723877 259
2.3151988983154297 259
2.3230392932891846 259
2.331197738647461 259
2.339045763015747 259
2.3470306396484375 259
2.355046272277832 259
2.362856388092041 259
2.3701107501983643 259
2.378791332244873 259
2.3866260051727295 259
2.3944666385650635 259
2.4020636081695557 259
2.4099080562591553 259
2.4173693656921387 259
2.425729274749756 259
2.4343209266662598 259
2.441385507583618 259
2.4494502544403076 259
2.4583218097686768 259
2.466350793838501 259
2.474208354949951 259
2.483062744140625 259
2.4903080463409424 259
2.4982266426086426 259
2.506110429763794 259
2.5139260292053223 259
2.521002769470215 259
2.529046058654785 259
2.5383052825927734 259
2.5462100505828857 259
2.554001569747925 259
2.561061143875122 259
2.5688889026641846 259
2.576768636703491 259
2.5860707759857178 259
2.5978522300720215 259
2.6060116291046143 259
2.6137969493865967 259
2.621004343032837 259
2.6289937496185303 259
2.637902021408081 259
2.6460444927215576 259
2.6538798809051514 259
2.6608386039733887 259
2.6689727306365967 259
2.676859140396118 259
2.6859500408172607 259
2.693794012069702 259
2.700721025466919 259
2.708831548690796 259
2.7167067527770996 259
2.724506378173828 259
2.7321252822875977 259
2.740412950515747 259
2.7483887672424316 259
2.7562801837921143 259
2.764115333557129 259
2.7713654041290283 259
2.779344320297241 259
2.7883312702178955 259
2.796377658843994 259
2.8042359352111816 259
2.811324119567871 259
2.8191280364990234 259
2.827120542526245 259
2.836097002029419 259
2.8439433574676514 259
2.8510019779205322 259
2.858847141265869 259
2.8666796684265137 259
2.874541759490967 259
2.8821582794189453 259
2.8907642364501953 259
2.898775577545166 259
2.9066240787506104 259
2.914475440979004 259
2.9221248626708984 259
2.9299373626708984 259
2.944120407104492 259
2.9513802528381348 259
2.959364175796509 259
2.96703839302063 259
2.975069046020508 259
2.98288631439209 259
2.995893716812134 259
3.003720283508301 259
3.0110456943511963 259
3.019059896469116 259
3.026909828186035 259
3.0347230434417725 259
3.0438480377197266 259
3.0508527755737305 259
3.058983325958252 259
3.0669617652893066 259
3.075073480606079 259
3.0829150676727295 259
3.0910630226135254 259
3.098893642425537 259
3.106783390045166 259
3.11462140083313 259
3.1226651668548584 259
3.1300888061523438 259
3.1378684043884277 259
3.146693706512451 259
3.154542922973633 259
3.1625351905822754 259
3.1697914600372314 259
3.1773064136505127 259
3.185744047164917 259
3.194369316101074 259
3.20202374458313 259
3.2094295024871826 259
3.2171263694763184 259
3.2251827716827393 259
3.2330479621887207 259
3.2402844429016113 259
3.249134063720703 259
3.256969451904297 259
3.265026569366455 259
3.2728402614593506 259
3.280071496963501 259
3.287855863571167 259
3.2966372966766357 259
3.304502248764038 259
3.312703847885132 259
3.320181369781494 259
3.328043222427368 259
3.3359553813934326 259
3.3444480895996094 259
3.3521552085876465 259
3.359724521636963 259
3.3673741817474365 259
3.376324415206909 259
3.3841938972473145 259
3.3963680267333984 259
3.4042797088623047 259
3.4120776653289795 259
3.4199161529541016 259
3.4280145168304443 259
3.4359545707702637 259
3.4438138008117676 259
3.4537484645843506 259
3.4607300758361816 259
3.468726634979248 259
3.476588249206543 259
3.48442006111145 259
3.4925882816314697 259
3.5006673336029053 259
3.508619546890259 259
3.5164778232574463 259
3.5243682861328125 259
3.5316975116729736 259
3.539447069168091 259
3.5485620498657227 259
3.5564687252044678 259
3.564314842224121 259
3.5713694095611572 259
3.5794644355773926 259
3.5872018337249756 259
3.5952296257019043 259
3.604107618331909 259
3.611344814300537 259
3.619317054748535 259
3.626987934112549 259
3.6350693702697754 259
3.6428756713867188 259
3.6508731842041016 259
3.658850908279419 259
3.6668365001678467 259
3.674739122390747 259
3.682770252227783 259
3.689976453781128 259
3.697413921356201 259
3.7067458629608154 259
3.714614152908325 259
3.722637176513672 259
3.730034351348877 259
3.737759590148926 259
3.7458336353302 259
3.7544515132904053 259
3.7621002197265625 259
3.7697296142578125 259
3.7772419452667236 259
3.7854220867156982 259
3.7970921993255615 259
3.806422233581543 259
3.814305067062378 259
3.822099208831787 259
3.8296656608581543 259
3.8373255729675293 259
3.8457422256469727 259
3.8543448448181152 259
3.861428737640381 259
3.869368076324463 259
3.877082109451294 259
3.8851373195648193 259
3.8929593563079834 259
3.900184392929077 259
3.909050226211548 259
3.9168882369995117 259
3.9247117042541504 259
3.9327738285064697 259
3.939981460571289 259
3.947462320327759 259
3.9564316272735596 259
3.964301586151123 259
3.9721460342407227 259
3.979748249053955 259
3.987243413925171 259
3.9952707290649414 259
4.003136396408081 259
4.011291980743408 259
4.019089937210083 259
4.027066946029663 259
4.035090208053589 259
4.042845249176025 259
4.050073862075806 259
4.058735609054565 259
4.066596508026123 259
4.0744428634643555 259
4.082115650177002 259
4.089879989624023 259
4.097737789154053 259
4.1065146923065186 259
4.11442756652832 259
4.122042894363403 259
4.129668235778809 259
4.137220859527588 259
4.145447254180908 259
4.153258562088013 259
4.161696672439575 259
4.169398069381714 259
4.177094459533691 259
4.185155153274536 259
4.196536064147949 259
4.204386472702026 259
4.213798522949219 259
4.221019506454468 259
4.229109525680542 259
4.236950874328613 259
4.245023727416992 259
4.25283408164978 259
4.260850429534912 259
4.2689268589019775 259
4.276906728744507 259
4.284723520278931 259
4.292832851409912 259
4.300063133239746 259
4.307888746261597 259
4.3166913986206055 259
4.324513673782349 259
4.33272385597229 259
4.339995622634888 259
4.347444534301758 259
4.355914354324341 259
4.364534616470337 259
4.372164249420166 259
4.379731893539429 259
4.38739275932312 259
4.395742416381836 259
4.403340816497803 259
4.411468744277954 259
4.419670581817627 259
4.427208662033081 259
4.435227870941162 259
4.443031072616577 259
4.45124626159668 259
4.459070920944214 259
4.468017816543579 259
4.475931644439697 259
4.483788728713989 259
4.491040468215942 259
4.498887538909912 259
4.506855487823486 259
4.515872240066528 259
4.523705959320068 259
4.530675888061523 259
4.5386738777160645 259
4.546600818634033 259
4.554452657699585 259
4.5625317096710205 259
4.570712566375732 259
4.578677177429199 259
4.586556673049927 259
4.598319053649902 259
4.606390953063965 259
4.615707159042358 259
4.623319387435913 259
4.630801200866699 259
4.638823747634888 259
4.646623373031616 259
4.654454946517944 259
4.662097692489624 259
4.670538902282715 259
4.678476095199585 259
4.686516046524048 259
4.694369316101074 259
4.7014479637146 259
4.70940089225769 259
4.718393087387085 259
4.726263761520386 259
4.734104633331299 259
4.741152763366699 259
4.749301195144653 259
4.757022380828857 259
4.76505446434021 259
4.773961067199707 259
4.78100323677063 259
4.788859844207764 259
4.796696901321411 259
4.804528713226318 259
4.812756299972534 259
4.82080864906311 259
4.8287763595581055 259
4.836607933044434 259
4.844481468200684 259
4.852115154266357 259
4.85973048210144 259
4.868593215942383 259
4.876690626144409 259
4.884539842605591 259
4.892527103424072 259
4.899761438369751 259
4.907284498214722 259
4.915298938751221 259
4.924153566360474 259
4.931377649307251 259
4.940863847732544 259
4.948830604553223 259
4.956684350967407 259
4.964572906494141 259
4.973264217376709 259
4.980478525161743 259
4.988546133041382 259
5.000259637832642 259
5.008471488952637 259
5.016538143157959 259
5.025846719741821 259
5.033408164978027 259
5.049352169036865 259
5.057171106338501 259
5.0652174949646 259
5.0740065574646 259
5.081134557723999 259
5.088926076889038 259
5.096753835678101 259
5.1045637130737305 259
5.112802743911743 259
5.120108604431152 259
5.128720045089722 259
5.136739253997803 259
5.144590139389038 259
5.15259313583374 259
5.15980076789856 259
5.167433023452759 259
5.176529407501221 259
5.184361457824707 259
5.191690683364868 259
5.199679851531982 259
5.2071616649627686 259
5.215192794799805 259
5.222985029220581 259
5.231257438659668 259
5.239052057266235 259
5.246896505355835 259
5.25471830368042 259
5.262816905975342 259
5.270236015319824 259
5.279034852981567 259
5.286977529525757 259
5.295061111450195 259
5.302831411361694 259
5.310034513473511 259
5.3177196979522705 259
5.326612234115601 259
5.33448338508606 259
5.342084884643555 259
5.34991717338562 259
5.357918977737427 259
5.365895986557007 259
5.373704433441162 259
5.382646322250366 259
5.389912843704224 259
5.401460886001587 259
5.409877061843872 259
5.417444229125977 259
5.425877332687378 259
5.434518098831177 259
5.448540687561035 259
5.457047700881958 259
5.46573805809021 259
5.476020097732544 259
5.483839750289917 259
5.493043899536133 259
5.500446796417236 259
5.507411003112793 259
5.517012596130371 259
5.526668548583984 259
5.534536838531494 259
5.545379877090454 259
5.553227424621582 259
5.561241388320923 259
5.569050312042236 259
5.576876401901245 259
5.5847320556640625 259
5.592925310134888 259
5.600130081176758 259
5.608857154846191 259
5.616714954376221 259
5.624539136886597 259
5.632527589797974 259
5.639732837677002 259
5.64739727973938 259
5.6566102504730225 259
5.664494276046753 259
5.6720826625823975 259
5.6797120571136475 259
5.687209129333496 259
5.695262432098389 259
5.703085422515869 259
5.711401462554932 259
5.719377517700195 259
5.7270753383636475 259
5.7352001667022705 259
5.743008375167847 259
5.750284910202026 259
5.759090900421143 259
5.767117500305176 259
5.775137901306152 259
5.782943487167358 259
5.79034686088562 259
5.8028082847595215 259
5.811128377914429 259
5.8193066120147705 259
5.827288866043091 259
5.835316181182861 259
5.843108177185059 259
5.85033106803894 259
5.859037399291992 259
5.866913795471191 259
5.874732255935669 259
5.8834381103515625 259
5.890827178955078 259
5.898800373077393 259
5.906596899032593 259
5.915896892547607 259
5.923760652542114 259
5.930726051330566 259
5.945209980010986 259
5.953033447265625 259
5.961073875427246 259
5.968887090682983 259
5.976771354675293 259
5.984651803970337 259
5.992671489715576 259
5.9999165534973145 259
6.0079193115234375 259
6.01675009727478 259
6.024586200714111 259
6.032608985900879 259
6.039836645126343 259
6.047447681427002 259
6.055740594863892 259
6.064352035522461 259
6.072151184082031 259
6.0798046588897705 259
6.087307453155518 259
6.095351696014404 259
6.103179216384888 259
6.110380411148071 259
6.118997573852539 259
6.126976490020752 259
6.135008335113525 259
6.142821311950684 259
6.150096893310547 259
6.158000230789185 259
6.166690349578857 259
6.17452597618103 259
6.1827428340911865 259
6.190100193023682 259
6.200581073760986 259
6.209795951843262 259
6.218762397766113 259
6.226728916168213 259
6.234543323516846 259
6.242578744888306 259
6.249982833862305 259
6.257426977157593 259
6.266570568084717 259
6.274450778961182 259
6.282068490982056 259
6.289456367492676 259
6.2971227169036865 259
6.305379629135132 259
6.313197135925293 259
6.3213770389556885 259
6.329333782196045 259
6.337013006210327 259
6.345051527023315 259
6.352846145629883 259
6.360080003738403 259
6.36901068687439 259
6.376858472824097 259
6.384684324264526 259
6.392740964889526 259
6.399945974349976 259
6.407382965087891 259
6.415737867355347 259
6.424438714981079 259
6.4326255321502686 259
6.439992904663086 259
6.447855234146118 259
6.456547975540161 259
6.464398622512817 259
6.473240375518799 259
6.48045015335083 259
6.488549709320068 259
6.4964611530303955 259
6.504307508468628 259
6.511368751525879 259
6.520368576049805 259
6.528333902359009 259
6.536242485046387 259
6.544099569320679 259
6.5513036251068115 259
6.559134006500244 259
6.567130088806152 259
6.576265096664429 259
6.584101676940918 259
6.591164588928223 259
6.598982810974121 259
6.610856771469116 259
6.618988752365112 259
6.628142356872559 259
6.636120557785034 259
6.643955230712891 259
6.65101170539856 259
6.658854246139526 259
6.666908025741577 259
6.676005125045776 259
6.68379282951355 259
6.690743923187256 259
6.698836088180542 259
6.706685543060303 259
6.71453070640564 259
6.723350763320923 259
6.730712175369263 259
6.738683700561523 259
6.74654221534729 259
6.75438666343689 259
6.7614336013793945 259
6.76938533782959 259
6.778352975845337 259
6.7864015102386475 259
6.79422926902771 259
6.80133843421936 259
6.809132814407349 259
6.816957950592041 259
6.826109170913696 259
6.833951234817505 259
6.841036081314087 259
6.849033832550049 259
6.856871843338013 259
6.864706993103027 259
6.872769355773926 259
6.880817174911499 259
6.8887858390808105 259
6.89661979675293 259
6.904465198516846 259
6.912660360336304 259
6.919932126998901 259
6.928573369979858 259
6.936468839645386 259
6.944304943084717 259
6.951362609863281 259
6.959456920623779 259
6.96732759475708 259
6.975345134735107 259
6.984227895736694 259
6.9912872314453125 259
6.999128341674805 259
7.01113486289978 259
