0.019750595092773438 0
0.027787446975708008 0
0.03560662269592285 1
0.04413175582885742 3
0.05141162872314453 5
0.05886268615722656 7
0.06820344924926758 12
0.07669210433959961 15
0.08452844619750977 20
0.0918266773223877 23
0.09978055953979492 27
0.10767436027526855 33
0.1165924072265625 39
0.12443852424621582 44
0.13185691833496094 48
0.1398313045501709 53
0.14778661727905273 59
0.15574216842651367 65
0.16284871101379395 73
0.17182183265686035 77
0.17983698844909668 83
0.19192028045654297 92
0.20011162757873535 100
0.20816421508789062 106
0.21739983558654785 112
0.22527837753295898 119
0.23230910301208496 125
0.24032378196716309 131
0.24832677841186523 138
0.256213903427124 144
0.2643167972564697 151
0.2722187042236328 157
0.28023386001586914 163
0.2880840301513672 169
0.29598426818847656 176
0.3040049076080322 181
0.31145238876342773 188
0.32029056549072266 196
0.3282918930053711 203
0.3361794948577881 209
0.34423136711120605 215
0.35220956802368164 222
0.36025071144104004 229
0.3689091205596924 235
0.3772866725921631 242
0.38487863540649414 248
0.3921363353729248 255
0.4001657962799072 261
0.40809178352355957 266
0.4160428047180176 275
0.42519354820251465 281
0.4325535297393799 287
0.4405217170715332 292
0.4484739303588867 297
0.4567873477935791 301
0.4647064208984375 304
0.4731876850128174 307
0.4809410572052002 308
0.4888448715209961 309
0.49717140197753906 309
0.5048635005950928 309
0.512134313583374 307
0.5212907791137695 305
0.5288145542144775 303
0.5372109413146973 299
0.5448703765869141 296
0.5522608757019043 292
0.5603146553039551 288
0.5682916641235352 284
0.5774650573730469 279
0.5887830257415771 273
0.5974128246307373 269
0.6053180694580078 265
0.6127748489379883 262
0.621995210647583 259
0.63002610206604 257
0.6380040645599365 257
0.6459047794342041 256
0.6539971828460693 256
0.6612651348114014 257
0.6692261695861816 258
0.6781322956085205 260
0.6860871315002441 263
0.6941900253295898 265
0.7014603614807129 267
0.7092189788818359 270
0.7175981998443604 273
0.7268633842468262 275
0.734734058380127 277
0.742089033126831 279
0.7500534057617188 280
0.7580170631408691 281
0.7659416198730469 281
0.7747738361358643 281
0.7820630073547363 281
0.7902054786682129 280
0.7981505393981934 279
0.8061151504516602 277
0.8143143653869629 276
0.8216485977172852 275
0.830378532409668 272
0.8383479118347168 271
0.846259593963623 269
0.8545353412628174 267
0.8619081974029541 266
0.8699097633361816 265
0.8785843849182129 264
0.8867425918579102 263
0.894625186920166 263
0.9018979072570801 263
0.9100496768951416 263
0.9179589748382568 263
0.9268934726715088 264
0.9347479343414307 265
0.9420166015625 265
0.950005054473877 266
0.9580013751983643 267
0.9659059047698975 267
0.9741570949554443 267
0.9824893474578857 268
0.9948744773864746 269
1.002516746520996 269
1.0108709335327148 269
1.0188021659851074 269
1.0280239582061768 268
1.0359959602355957 268
1.044128656387329 268
1.051928997039795 267
1.0599699020385742 267
1.0679352283477783 267
1.0758824348449707 266
1.085470199584961 265
1.0927941799163818 265
1.100769281387329 265
1.1086547374725342 265
1.1167411804199219 264
1.1246075630187988 264
1.1328110694885254 264
1.1407544612884521 264
1.1486077308654785 263
1.1567349433898926 263
1.1646602153778076 263
1.1718854904174805 263
1.1805243492126465 263
1.1884493827819824 263
1.1965358257293701 263
1.204357624053955 263
1.2117791175842285 263
1.2198100090026855 263
1.2277865409851074 263
1.2368154525756836 263
1.2446558475494385 263
1.2519030570983887 263
1.2598841190338135 263
1.2679295539855957 263
1.2758004665374756 263
1.2847204208374023 263
1.2920036315917969 263
1.3000047206878662 263
1.3079359531402588 263
1.315880298614502 263
1.3235282897949219 263
1.332127571105957 263
1.3402254581451416 263
1.348177194595337 263
1.3629035949707031 263
1.3776445388793945 263
1.3902504444122314 263
1.4005672931671143 263
1.4095838069915771 263
1.4194600582122803 263
1.4276447296142578 263
1.4384698867797852 263
1.4468255043029785 263
1.4560296535491943 263
1.4642949104309082 263
1.4728846549987793 263
1.4809353351593018 263
1.4920547008514404 263
1.5002620220184326 263
1.5100915431976318 263
1.5180673599243164 262
1.5295367240905762 262
1.5400750637054443 261
1.5497865676879883 261
1.559936761856079 261
1.5679728984832764 260
1.5777373313903809 260
1.5855441093444824 260
1.5975525379180908 260
1.6073718070983887 260
1.6152281761169434 260
1.6253116130828857 260
1.632598876953125 260
1.6415317058563232 260
1.6505317687988281 260
1.6605825424194336 260
1.670846939086914 260
1.678574800491333 260
1.688323736190796 260
1.697751760482788 260
1.7109053134918213 260
1.7187490463256836 260
1.7291834354400635 260
1.7374582290649414 260
1.7480580806732178 260
1.7558917999267578 260
1.774437665939331 260
1.7855110168457031 260
1.7989177703857422 260
1.809699296951294 260
1.820361614227295 260
1.828752040863037 260
1.8413593769073486 260
1.8517084121704102 260
1.8612639904022217 260
1.8707845211029053 260
1.880443811416626 260
1.8902394771575928 260
1.9008605480194092 260
1.9095780849456787 260
1.9202654361724854 260
1.9302153587341309 260
1.9381492137908936 260
1.9472436904907227 260
1.9548499584197998 260
1.962029218673706 260
1.9699628353118896 260
1.9777958393096924 260
1.9856314659118652 260
1.9946887493133545 260
2.0018792152404785 260
2.011364698410034 260
2.019174337387085 260
2.027247905731201 260
2.034820079803467 260
2.0420055389404297 260
2.051182508468628 260
2.058811902999878 260
2.066793441772461 260
2.0745346546173096 260
2.0817389488220215 260
2.089625597000122 260
2.098311424255371 260
2.106121063232422 260
2.1142923831939697 260
2.1214914321899414 260
2.1289281845092773 260
2.1372203826904297 260
2.144817590713501 260
2.1556177139282227 260
2.1626951694488525 260
2.1707956790924072 260
2.178464651107788 260
2.18624210357666 260
2.199181079864502 260
2.2073912620544434 260
2.2152063846588135 260
2.2222847938537598 260
2.2303764820098877 260
2.2382583618164062 260
2.246076822280884 260
2.254922866821289 260
2.2621405124664307 260
2.2700741291046143 260
2.278062582015991 260
2.2858684062957764 260
2.2936532497406006 260
2.3020551204681396 260
2.3099639415740967 260
2.3178977966308594 260
2.3257548809051514 260
2.3327856063842773 260
2.345942974090576 260
2.3573496341705322 260
2.3643460273742676 260
2.3721683025360107 260
2.3815815448760986 260
2.3905298709869385 260
2.400014877319336 260
2.4075329303741455 260
2.417227029800415 260
2.4247474670410156 260
2.434241771697998 260
2.444877862930298 260
2.452100992202759 260
2.4613583087921143 260
2.468920946121216 260
2.4772231578826904 260
2.48484206199646 260
2.4920356273651123 260
2.4999852180480957 260
2.5086143016815186 260
2.5166330337524414 260
2.524390459060669 260
2.5317728519439697 260
2.5399136543273926 260
2.547738790512085 260
2.555537223815918 260
2.5643279552459717 260
2.571489095687866 260
2.578939437866211 260
2.5873706340789795 260
2.598618745803833 260
2.6068177223205566 260
2.615675926208496 260
2.6228909492492676 260
2.630861759185791 260
2.6385257244110107 260
2.646653890609741 260
2.6544981002807617 260
2.662628650665283 260
2.670567274093628 260
2.6784260272979736 260
2.686204671859741 260
2.6942062377929688 260
2.7014172077178955 260
2.710259437561035 260
2.7181289196014404 260
2.7259621620178223 260
2.73356032371521 260
2.7409377098083496 260
2.7485930919647217 260
2.756631374359131 260
2.7656033039093018 260
2.77282977104187 260
2.7807581424713135 260
2.7884485721588135 260
2.79624080657959 260
2.80448579788208 260
2.8126296997070312 260
2.820430040359497 260
2.828416347503662 260
2.8362462520599365 260
2.8442940711975098 260
2.851517677307129 260
2.858941078186035 260
2.868040084838867 260
2.8758363723754883 260
2.8828675746917725 260
2.8911919593811035 260
2.8986551761627197 260
2.9066953659057617 260
2.9155189990997314 260
2.9226276874542236 260
2.9306113719940186 260
2.938446044921875 260
2.946256160736084 260
2.9544196128845215 260
2.9616191387176514 260
2.9703307151794434 260
2.978126049041748 260
2.9859836101531982 260
2.997903347015381 260
3.0057642459869385 260
3.014057159423828 260
3.022186517715454 260
3.030277967453003 260
3.0381221771240234 260
3.0459601879119873 260
3.0595197677612305 260
3.0684096813201904 260
3.07625150680542 260
3.084282159805298 260
3.0914721488952637 260
3.099196195602417 260
3.1072301864624023 260
3.1148386001586914 260
3.1228435039520264 260
3.1311802864074707 260
3.13864803314209 260
3.146665334701538 260
3.154463291168213 260
3.1616649627685547 260
3.1702609062194824 260
3.1780824661254883 260
3.1858768463134766 260
3.194084405899048 260
3.2012641429901123 260
3.208749771118164 260
3.2167229652404785 260
3.225454330444336 260
3.232527017593384 260
3.240349531173706 260
3.2483103275299072 260
3.2561352252960205 260
3.2641823291778564 260
3.272193193435669 260
3.2801196575164795 260
3.2879648208618164 260
3.295753240585327 260
3.3028087615966797 260
3.310903310775757 260
3.320016860961914 260
3.327868938446045 260
3.33573317527771 260
3.342848300933838 260
3.3508682250976562 260
3.3596243858337402 260
3.3676908016204834 260
3.376202344894409 260
3.3841969966888428 260
3.391369104385376 260
3.402663469314575 260
3.4106197357177734 260
3.4185757637023926 260
3.4279797077178955 260
3.4358694553375244 260
3.4429287910461426 260
3.45123291015625 260
3.4587862491607666 260
3.4667718410491943 260
3.4756345748901367 260
3.4826889038085938 260
3.4907584190368652 260
3.4984800815582275 260
3.5064785480499268 260
3.514280319213867 260
3.5222015380859375 260
3.5302233695983887 260
3.5380661487579346 260
3.5458579063415527 260
3.554009437561035 260
3.5611789226531982 260
3.568647861480713 260
3.5779857635498047 260
3.5858023166656494 260
3.592844247817993 260
3.6005990505218506 260
3.6085715293884277 260
3.616619348526001 260
3.6254093647003174 260
3.6323585510253906 260
3.6403348445892334 260
3.648179292678833 260
3.655989646911621 260
3.6635642051696777 260
3.67136549949646 260
3.6800785064697266 260
3.6879196166992188 260
3.6957292556762695 260
3.7027699947357178 260
3.710872173309326 260
3.7185659408569336 260
3.727670192718506 260
3.735461711883545 260
3.7424967288970947 260
3.7503340244293213 260
3.7581536769866943 260
3.7660210132598877 260
3.773627519607544 260
3.7820088863372803 260
3.7901275157928467 260
3.8017008304595947 260
3.809711217880249 260
3.8177430629730225 260
3.825580596923828 260
3.8344051837921143 260
3.8417890071868896 260
3.8499388694763184 260
3.857767343521118 260
3.8655893802642822 260
3.872621536254883 260
3.8816003799438477 260
3.8892362117767334 260
3.897270917892456 260
3.904838800430298 260
3.9122016429901123 260
3.9204044342041016 260
3.9298348426818848 260
3.9377405643463135 260
3.945618152618408 260
3.952659845352173 260
3.960451364517212 260
3.96848464012146 260
3.976508140563965 260
3.9853732585906982 260
3.992319345474243 260
4.000299692153931 260
4.0081212520599365 260
4.015967130661011 260
4.023542642593384 260
4.032085180282593 260
4.039969205856323 260
4.047795534133911 260
4.055659770965576 260
4.0627055168151855 260
4.070519208908081 260
4.078293561935425 260
4.087577819824219 260
4.095352411270142 260
4.102613687515259 260
4.110371351242065 260
4.1182427406311035 260
4.126055002212524 260
4.1347596645355225 260
4.1419899463653564 260
4.150107383728027 260
4.157940149307251 260
4.165726661682129 260
4.172773122787476 260
4.180565118789673 260
4.189525365829468 260
4.200584173202515 260
4.208666086196899 260
4.216871738433838 260
4.224663019180298 260
4.232129096984863 260
4.240910530090332 260
4.248575925827026 260
4.256577491760254 260
4.264355182647705 260
4.271751642227173 260
4.279603004455566 260
4.288143873214722 260
4.295994997024536 260
4.303563117980957 260
4.310925245285034 260
4.318584203720093 260
4.326747894287109 260
4.335509777069092 260
4.342620849609375 260
4.3504791259765625 260
4.359473705291748 260
4.36735463142395 260
4.3748939037323 260
4.382120847702026 260
4.3913397789001465 260
4.3987884521484375 260
4.406794548034668 260
4.414554119110107 260
4.421770811080933 260
4.429625511169434 260
4.438326358795166 260
4.446141242980957 260
4.454323053359985 260
4.461511611938477 260
4.46893310546875 260
4.4772350788116455 260
4.48484468460083 260
4.494003772735596 260
4.501162052154541 260
4.508819103240967 260
4.5168328285217285 260
4.524674415588379 260
4.5318567752838135 260
4.541189908981323 260
4.54867696762085 260
4.556739330291748 260
4.564504384994507 260
4.57187032699585 260
4.579753160476685 260
4.587592840194702 260
4.59616231918335 260
4.608072280883789 260
4.615869522094727 260
4.624171733856201 260
4.631603956222534 260
4.640273571014404 260
4.64810585975647 260
4.655975818634033 260
4.66355299949646 260
4.670923709869385 260
4.6786065101623535 260
4.686818361282349 260
4.6956963539123535 260
4.702743291854858 260
4.710561752319336 260
4.718400239944458 260
4.726178884506226 260
4.734163761138916 260
4.742154598236084 260
4.750316381454468 260
4.7581117153167725 260
4.765926837921143 260
4.773526668548584 260
4.781181335449219 260
4.788654565811157 260
4.797786712646484 260
4.805647850036621 260
4.812846899032593 260
4.820756912231445 260
4.828425407409668 260
4.836247205734253 260
4.845304250717163 260
4.852202892303467 260
4.860109567642212 260
4.8681159019470215 260
4.875941276550293 260
4.884061574935913 260
4.891271114349365 260
4.899987459182739 260
4.90784215927124 260
4.915657043457031 260
4.92275071144104 260
4.930864334106445 260
4.938512563705444 260
4.947607517242432 260
4.955413341522217 260
4.962339639663696 260
4.9703123569488525 260
4.978113651275635 260
4.985919237136841 260
4.994074106216431 260
5.006257772445679 260
5.01455545425415 260
5.021869421005249 260
5.029934883117676 260
5.037759780883789 260
5.045609951019287 260
5.05602765083313 260
5.063632965087891 260
5.0711846351623535 260
5.078669309616089 260
5.086662769317627 260
5.094461679458618 260
5.102328300476074 260
5.110440731048584 260
5.118260860443115 260
5.126064777374268 260
5.134057521820068 260
5.141450881958008 260
5.150108575820923 260
5.157966613769531 260
5.165783166885376 260
5.173523902893066 260
5.180905103683472 260
5.188548564910889 260
5.196555137634277 260
5.205415964126587 260
5.2125208377838135 260
5.220362424850464 260
5.228359699249268 260
5.236132383346558 260
5.244091033935547 260
5.252157926559448 260
5.260097980499268 260
5.268064022064209 260
5.275864839553833 260
5.282884836196899 260
5.29118275642395 260
5.2986555099487305 260
5.307733535766602 260
5.315644264221191 260
5.322707891464233 260
5.3305137157440186 260
5.33828067779541 260
5.346136093139648 260
5.3559935092926025 260
5.363559246063232 260
5.370931148529053 260
5.37862491607666 260
5.386656284332275 260
5.394462585449219 260
5.407456874847412 260
5.41522741317749 260
5.422325134277344 260
5.4304094314575195 260
5.43836784362793 260
5.44612193107605 260
5.454930543899536 260
5.462124347686768 260
5.470224380493164 260
5.478083372116089 260
5.485874652862549 260
5.492893218994141 260
5.500835657119751 260
5.509759426116943 260
5.517614126205444 260
5.525446891784668 260
5.532758474349976 260
5.54055643081665 260
5.548385858535767 260
5.557345390319824 260
5.564885377883911 260
5.5720789432525635 260
5.580000400543213 260
5.588063478469849 260
5.5958497524261475 260
5.602923393249512 260
5.611864805221558 260
5.619795083999634 260
5.6276140213012695 260
5.6354146003723145 260
5.642345666885376 260
5.650453567504883 260
5.659501075744629 260
5.6673619747161865 260
5.674924373626709 260
5.682111501693726 260
5.68997049331665 260
5.69780158996582 260
5.705641508102417 260
5.714524984359741 260
5.721756935119629 260
5.729609489440918 260
5.737522602081299 260
5.745293378829956 260
5.752195835113525 260
5.761192798614502 260
5.768809080123901 260
5.776812314987183 260
5.784611225128174 260
5.791950225830078 260
5.804188013076782 260
5.812299966812134 260
5.820387125015259 260
5.828521013259888 260
5.836514711380005 260
5.844316720962524 260
5.85150671005249 260
5.860293626785278 260
5.868117570877075 260
5.875951766967773 260
5.883539915084839 260
5.891370534896851 260
5.9054481983184814 260
5.915661573410034 260
5.9229347705841064 260
5.930886268615723 260
5.9385833740234375 260
5.946775913238525 260
5.95457911491394 260
5.962641477584839 260
5.970443964004517 260
5.97827410697937 260
5.986080169677734 260
5.994054555892944 260
6.001245975494385 260
6.0089111328125 260
6.024170398712158 260
6.031355857849121 260
6.038843154907227 260
6.0472424030303955 260
6.054810047149658 260
6.062893390655518 260
6.071177005767822 260
6.078633069992065 260
6.086662530899048 260
6.094497442245483 260
6.101776599884033 260
6.109694480895996 260
6.118322372436523 260
6.126184463500977 260
6.134311199188232 260
6.141500234603882 260
6.149179458618164 260
6.157300233840942 260
6.165886878967285 260
6.172929048538208 260
6.181190729141235 260
6.188807487487793 260
6.196798324584961 260
6.208324193954468 260
6.2174859046936035 260
6.225266695022583 260
6.232486963272095 260
6.240323305130005 260
6.248258352279663 260
6.2560460567474365 260
6.264051675796509 260
6.272009611129761 260
6.279957294464111 260
6.287797212600708 260
6.2956013679504395 260
6.302637100219727 260
6.310808420181274 260
6.3195130825042725 260
6.327404975891113 260
6.335222005844116 260
6.342136859893799 260
6.35014796257019 260
6.3585896492004395 260
6.367840766906738 260
6.375669717788696 260
6.382711172103882 260
6.39048433303833 260
6.398360967636108 260
6.4061360359191895 260
6.414133548736572 260
6.422836542129517 260
6.430900812149048 260
6.438746929168701 260
6.446761131286621 260
6.454585075378418 260
6.461792469024658 260
6.470508337020874 260
6.478289842605591 260
6.486143589019775 260
6.494338035583496 260
6.501504421234131 260
6.508927822113037 260
6.517267942428589 260
6.525871992111206 260
6.5329389572143555 260
6.540892124176025 260
6.548739433288574 260
6.5567567348480225 260
6.564497470855713 260
6.572856426239014 260
6.580765962600708 260
6.588465452194214 260
6.596250057220459 260
6.608248710632324 260
6.616071939468384 260
6.625312089920044 260
6.632544994354248 260
6.640484809875488 260
6.648367881774902 260
6.656139135360718 260
6.664155960083008 260
6.67230224609375 260
6.680246829986572 260
6.688056707382202 260
6.695885419845581 260
6.704043388366699 260
6.711263418197632 260
6.7187628746032715 260
6.72796106338501 260
6.735786437988281 260
6.742815732955933 260
6.750592470169067 260
6.7584381103515625 260
6.76625919342041 260
6.775331020355225 260
6.782301425933838 260
6.790394067764282 260
6.7982470989227295 260
6.806091547012329 260
6.814097166061401 260
6.8213210105896 260
6.830109119415283 260
6.837931394577026 260
6.845750331878662 260
6.853178977966309 260
6.860843658447266 260
6.868526935577393 260
6.877619743347168 260
6.885384798049927 260
6.892353534698486 260
6.900302171707153 260
6.908273458480835 260
6.916078805923462 260
6.9240570068359375 260
6.932031154632568 260
6.9399402141571045 260
6.94775390625 260
6.95558762550354 260
6.962840557098389 260
6.970916986465454 260
6.979739427566528 260
6.987564325332642 260
6.995392322540283 260
7.00230073928833 260
