0.03035449981689453 0
0.044652462005615234 -1
0.0574183464050293 -1
0.07729363441467285 3
0.08471488952636719 6
0.09593701362609863 11
0.1075284481048584 17
0.1233375072479248 24
0.1386251449584961 34
0.14938116073608398 41
0.16385173797607422 51
0.1795363426208496 61
0.18760228157043457 71
0.20936107635498047 83
0.22067999839782715 95
0.2364037036895752 105
0.252396821975708 117
0.26053357124328613 124
0.2703869342803955 135
0.28984856605529785 147
0.30071425437927246 159
0.3164510726928711 171
0.33156394958496094 180
0.34671735763549805 195
0.35906481742858887 203
0.3696143627166748 211
0.3830409049987793 223
0.3963000774383545 234
0.40851378440856934 244
0.4202258586883545 254
0.42987990379333496 261
0.4499387741088867 277
0.4598667621612549 282
0.4733712673187256 291
0.4843575954437256 297
0.4943583011627197 302
0.507972240447998 305
0.5193009376525879 307
0.5306205749511719 307
0.5404856204986572 307
0.5526156425476074 305
0.5673956871032715 301
0.5758333206176758 298
0.5846924781799316 293
0.6080336570739746 282
0.6197540760040283 277
0.63163161277771 270
0.6421236991882324 264
0.6541199684143066 258
0.6637580394744873 255
0.6771345138549805 249
0.6890616416931152 245
0.7000110149383545 242
0.7116765975952148 240
0.7205712795257568 239
0.7339982986450195 238
0.746027946472168 238
0.7547042369842529 239
0.7785599231719971 242
0.7880270481109619 245
0.804527759552002 247
0.817610502243042 251
0.8313906192779541 253
0.847707986831665 258
0.8586311340332031 260
0.8765029907226562 263
0.8896217346191406 265
0.8977231979370117 266
0.9130513668060303 267
0.9277615547180176 268
0.9406924247741699 268
0.9590060710906982 268
0.9753553867340088 267
0.9893405437469482 266
1.004007339477539 265
1.016723871231079 264
1.0307185649871826 263
1.0417804718017578 262
1.05399489402771 261
1.0675725936889648 261
1.085407018661499 260
1.094738483428955 259
1.1370735168457031 259
1.147721529006958 259
1.1578104496002197 259
1.1679089069366455 259
1.1890592575073242 259
1.1977674961090088 259
1.2126963138580322 259
1.2264935970306396 259
1.237029790878296 259
1.2564473152160645 259
1.2697937488555908 259
1.2835969924926758 259
1.2947051525115967 259
1.3079392910003662 259
1.3190770149230957 259
1.3335540294647217 259
1.3459017276763916 259
1.3562572002410889 259
1.3685863018035889 259
1.38724684715271 259
1.401817798614502 259
1.4132604598999023 259
1.4259397983551025 259
1.4380388259887695 259
1.4466638565063477 259
1.4597725868225098 259
1.469782829284668 259
1.4846196174621582 259
1.4935312271118164 259
1.5064523220062256 259
1.5194501876831055 259
1.5341551303863525 259
1.5446643829345703 259
1.5923058986663818 259
1.6060473918914795 259
1.6163158416748047 259
1.6335382461547852 259
1.6418993473052979 259
1.6537518501281738 259
1.664539098739624 259
1.6896262168884277 259
1.7018554210662842 259
1.7164158821105957 259
1.7294456958770752 259
1.7374420166015625 259
1.7504048347473145 259
1.7621119022369385 259
1.7705824375152588 259
1.7895784378051758 259
1.7975707054138184 259
1.8126392364501953 259
1.824399709701538 259
1.8376944065093994 259
1.8479304313659668 259
1.8602352142333984 0
1.871361255645752 0
1.8836424350738525 1
1.8922162055969238 3
1.9041612148284912 7
1.9226062297821045 16
1.9416320323944092 23
1.9530425071716309 30
1.9653983116149902 39
1.9763431549072266 48
2.0039994716644287 66
2.017167806625366 74
2.03778076171875 93
2.050428628921509 100
2.0625054836273193 112
2.0773723125457764 121
2.0936617851257324 134
2.102069854736328 142
2.1137337684631348 150
2.12371826171875 158
2.133687734603882 166
2.1465907096862793 179
2.159986972808838 188
2.1686136722564697 196
2.1838345527648926 208
2.192084312438965 214
2.2086968421936035 230
2.2215237617492676 238
2.2320215702056885 247
2.2443954944610596 256
2.254599094390869 262
2.267047643661499 270
2.279038190841675 276
2.2902722358703613 281
2.2995901107788086 284
2.3145217895507812 288
2.3259496688842773 289
2.337021589279175 289
2.3476614952087402 288
2.3612704277038574 286
2.3700082302093506 285
2.386233329772949 281
2.3938534259796143 279
2.406554698944092 275
2.417034387588501 272
2.430063009262085 268
2.440277099609375 266
2.4515843391418457 262
2.4666807651519775 260
2.4743640422821045 258
2.4859981536865234 256
2.497607707977295 255
2.5164523124694824 254
2.5278685092926025 254
2.5396687984466553 253
2.564702272415161 254
2.5790860652923584 254
2.593444347381592 255
2.6091670989990234 256
2.6217844486236572 257
2.6341302394866943 258
2.6443262100219727 258
2.6557514667510986 258
2.666377067565918 259
2.685986042022705 260
2.6964564323425293 260
2.707566022872925 260
2.716143846511841 260
2.737030029296875 260
2.7493369579315186 260
2.7610325813293457 260
2.7726900577545166 260
2.7844767570495605 260
2.7945404052734375 260
2.8058743476867676 260
2.8146917819976807 260
2.8336403369903564 260
2.8421897888183594 260
2.863332509994507 260
2.872095823287964 260
2.8892617225646973 260
2.902343511581421 260
2.9104208946228027 260
2.924564838409424 260
2.9329991340637207 260
2.9478509426116943 260
2.9605207443237305 260
2.9716756343841553 260
2.991359233856201 260
3.010218858718872 260
3.021595001220703 260
3.0397114753723145 260
3.0502450466156006 260
3.065957546234131 260
3.077974796295166 260
3.0924155712127686 260
3.100510358810425 260
3.1126813888549805 260
3.1276509761810303 260
3.1391875743865967 260
3.152078151702881 260
3.1653687953948975 260
3.176067590713501 260
3.190046548843384 260
3.2010116577148438 260
3.2204225063323975 260
3.2359070777893066 260
3.253619909286499 260
3.263084650039673 260
3.2793354988098145 260
3.2875592708587646 260
3.2999725341796875 260
3.3161284923553467 260
3.323507070541382 260
3.3393421173095703 260
3.349578619003296 260
3.357786178588867 260
3.373603105545044 260
3.3821890354156494 260
3.396444082260132 260
3.4106528759002686 260
3.4199423789978027 260
3.4339852333068848 260
3.442232370376587 260
3.4544730186462402 260
3.46631121635437 260
3.481579303741455 260
3.4896037578582764 260
3.4997670650482178 260
3.5138328075408936 260
3.5253117084503174 260
3.5372517108917236 260
3.5459258556365967 260
3.559309959411621 260
3.569883108139038 260
3.5818822383880615 260
3.5906004905700684 260
3.6032326221466064 260
3.6140737533569336 260
3.6265883445739746 260
3.637861967086792 260
3.64914608001709 260
3.659714937210083 260
3.6706106662750244 260
3.6806957721710205 260
3.691636800765991 260
3.707024335861206 260
3.7178266048431396 260
3.72710919380188 260
3.741973638534546 260
3.749932289123535 260
3.761730670928955 260
3.775399684906006 260
3.7834086418151855 260
3.7959914207458496 260
3.8046112060546875 260
3.8264729976654053 260
3.8339579105377197 260
3.8441007137298584 260
3.857264280319214 260
3.864644765853882 260
3.8799400329589844 260
3.8900833129882812 260
3.90010929107666 260
3.9121572971343994 260
3.9234836101531982 260
3.9343199729919434 260
3.946392059326172 260
3.956470251083374 260
3.969853162765503 260
3.979926824569702 260
3.990142583847046 260
4.000528812408447 260
4.011722803115845 260
4.024690628051758 260
4.0347373485565186 260
4.04718017578125 260
4.057819843292236 260
4.06967306137085 260
4.081586837768555 260
4.092229604721069 260
4.103418588638306 260
4.114131450653076 260
4.124976873397827 260
4.134582042694092 260
4.147770404815674 260
4.157833814620972 260
4.169142007827759 260
4.180281162261963 260
4.1904518604278564 260
4.202192306518555 260
4.2165210247039795 260
4.2296462059021 260
4.237835168838501 260
4.2519731521606445 260
4.26007080078125 260
4.278717994689941 260
4.289410829544067 260
4.299615144729614 260
4.309763669967651 260
4.320675611495972 260
4.334335088729858 260
4.346404790878296 260
4.356455564498901 260
4.366138935089111 260
4.3794169425964355 260
4.389639377593994 260
4.398998737335205 260
4.408649682998657 260
4.42142391204834 260
4.4311864376068115 260
4.447994947433472 260
4.459426403045654 260
4.47102165222168 260
4.481519460678101 260
4.493831634521484 260
4.503852128982544 260
4.514355182647705 260
4.5297300815582275 260
4.541906118392944 260
4.552251100540161 260
4.566083669662476 260
4.576527833938599 260
4.586281776428223 260
4.599855184555054 260
4.629485845565796 260
4.640379428863525 260
4.650377511978149 260
4.674113988876343 260
4.689386606216431 260
4.7004101276397705 260
4.710742473602295 260
4.721606016159058 260
4.7339935302734375 260
4.745421648025513 260
4.756107568740845 260
4.765837669372559 260
4.774669647216797 260
4.786535978317261 260
4.799302816390991 260
4.809563636779785 260
4.819968223571777 260
4.832416772842407 260
4.840495347976685 260
4.853810787200928 260
4.8639514446258545 260
4.873717308044434 260
4.883140563964844 260
4.8972086906433105 260
4.90730881690979 260
4.9180333614349365 260
4.929773330688477 260
4.940109491348267 260
4.953591823577881 260
4.961826801300049 260
4.971371650695801 260
4.984077215194702 260
4.994553327560425 260
5.006211280822754 260
5.02131986618042 260
5.029919862747192 260
5.053452968597412 260
5.0633556842803955 260
5.075397491455078 260
5.083394765853882 260
5.093360900878906 260
5.1041553020477295 260
5.11430549621582 260
5.122244119644165 260
5.134275197982788 260
5.142367601394653 260
5.156601190567017 260
5.165344476699829 260
5.176032543182373 260
5.18705415725708 260
5.197404623031616 260
5.204572677612305 260
5.216128826141357 260
5.226226329803467 260
5.233548879623413 260
5.2439234256744385 260
5.257625102996826 260
5.265907526016235 260
5.284716606140137 260
5.303580045700073 260
5.31619930267334 260
5.326571464538574 260
5.338691711425781 260
5.346689224243164 260
5.3606483936309814 260
5.371312141418457 260
5.379580020904541 260
5.389951229095459 260
5.397924184799194 260
5.406573057174683 260
5.42099142074585 260
5.429348468780518 260
5.439197301864624 260
5.4470977783203125 260
5.457263708114624 260
5.4646337032318115 260
5.472719669342041 260
5.48232102394104 260
5.490306615829468 260
5.500458002090454 260
5.508660793304443 260
5.519145250320435 260
5.528437614440918 260
5.536406517028809 260
5.546717405319214 260
5.554022312164307 260
5.562068700790405 260
5.571824789047241 260
5.5799720287323 260
5.590118169784546 260
5.598028182983398 260
5.606403589248657 260
5.616724252700806 260
5.6240010261535645 260
5.633863210678101 260
5.642065525054932 260
5.6499717235565186 260
5.660150051116943 260
5.668062448501587 260
5.677643537521362 260
5.685375690460205 260
5.694367408752441 260
5.702547311782837 260
5.712608337402344 260
5.720381498336792 260
5.728548765182495 260
5.736485958099365 260
5.744668483734131 260
5.7527265548706055 260
5.760637998580933 260
5.769062042236328 260
5.776687145233154 260
5.783980369567871 260
5.793221950531006 260
5.801318883895874 260
5.809348821640015 260
5.821030855178833 260
5.829336166381836 260
5.837258338928223 260
5.846405267715454 260
5.853722810745239 260
5.8617634773254395 260
5.869728326797485 260
5.887660980224609 260
5.8976500034332275 260
5.906440258026123 260
5.917999029159546 260
5.928043603897095 260
5.936528444290161 260
5.947606801986694 260
5.955994129180908 260
5.963611364364624 260
5.9716808795928955 260
5.979605674743652 260
5.98755145072937 260
5.997285842895508 260
6.004605054855347 260
6.012639999389648 260
6.02044939994812 260
6.02858304977417 260
6.036492347717285 260
6.044709920883179 260
6.052942752838135 260
6.0607383251190186 260
6.069120168685913 260
6.077022314071655 260
6.084038257598877 260
6.092141389846802 260
6.10126805305481 260
6.109280109405518 260
6.117189645767212 260
6.124535083770752 260
6.132599830627441 260
6.140344858169556 260
6.149447441101074 260
6.157371997833252 260
6.164566516876221 260
6.172595262527466 260
6.180533409118652 260
6.189017057418823 260
6.197714567184448 260
6.205428600311279 260
6.213130235671997 260
6.225354194641113 260
6.23321533203125 260
6.241494417190552 260
6.250294923782349 260
6.258408546447754 260
6.266333341598511 260
6.273651361465454 260
6.281627178192139 260
6.289578437805176 260
6.298648118972778 260
6.306602478027344 260
6.313897371292114 260
6.32209324836731 260
6.33001971244812 260
6.3380115032196045 260
6.346111059188843 260
6.354123830795288 260
6.3623082637786865 260
6.370238780975342 260
6.3785035610198975 260
6.386401653289795 260
6.3976731300354 260
6.407090425491333 260
6.414418697357178 260
6.422731399536133 260
6.430688142776489 260
6.439043998718262 260
6.4466774463653564 260
6.456088542938232 260
6.463385820388794 260
6.471294641494751 260
6.479525804519653 260
6.487444877624512 260
6.49462366104126 260
6.503715753555298 260
6.511823892593384 260
6.520407438278198 260
6.528548002243042 260
6.53650164604187 260
6.5439817905426025 260
6.553117990493774 260
6.560629844665527 260
6.569084644317627 260
6.581895351409912 260
6.589998483657837 260
6.597915887832642 260
6.607405424118042 260
6.614569664001465 260
6.627578020095825 260
6.635425567626953 260
6.6432554721832275 260
6.6513025760650635 260
6.660253524780273 260
6.669852018356323 260
6.677786588668823 260
6.685859203338623 260
6.6931846141815186 260
6.700736999511719 260
6.710091590881348 260
6.7180352210998535 260
6.726332902908325 260
6.733638048171997 260
6.74163818359375 260
6.7496092319488525 260
6.758533954620361 260
6.766430616378784 260
6.773705005645752 260
6.781897783279419 260
6.789857625961304 260
6.7977728843688965 260
6.805851221084595 260
6.813950538635254 260
6.821967363357544 260
6.829918622970581 260
6.8378472328186035 260
6.8461387157440186 260
6.853476285934448 260
6.86221718788147 260
6.870162010192871 260
6.878281593322754 260
6.886187791824341 260
6.893509864807129 260
6.901774644851685 260
6.910478591918945 260
6.918593168258667 260
6.926528692245483 260
6.933817625045776 260
6.941817045211792 260
6.949774503707886 260
6.957723379135132 260
6.966677665710449 260
6.974117994308472 260
6.982169151306152 260
6.99013352394104 260
6.9980268478393555 260
7.006127595901489 260
