0.02601337432861328 0
0.03363919258117676 0
0.04178452491760254 1
0.04989337921142578 3
0.05816221237182617 5
0.06723809242248535 8
0.0745241641998291 11
0.08318734169006348 15
0.0913081169128418 22
0.10572528839111328 27
0.11427521705627441 33
0.12290596961975098 38
0.1306157112121582 43
0.1393601894378662 49
0.14748334884643555 56
0.15599799156188965 61
0.1690964698791504 70
0.1789700984954834 78
0.18641209602355957 84
0.1964855194091797 92
0.2063894271850586 99
0.21602702140808105 106
0.2236793041229248 113
0.23169922828674316 119
0.24163079261779785 127
0.25150060653686523 134
0.2598400115966797 142
0.269848108291626 150
0.27968525886535645 156
0.28774547576904297 164
0.29605817794799805 170
0.3035390377044678 176
0.3117256164550781 184
0.31996583938598633 190
0.3294219970703125 196
0.33753395080566406 203
0.34583091735839844 211
0.3532874584197998 216
0.36161136627197266 223
0.36979103088378906 229
0.37940096855163574 237
0.3876347541809082 245
0.39598512649536133 251
0.4035625457763672 255
0.4120059013366699 262
0.42018556594848633 267
0.42966556549072266 271
0.43788766860961914 276
0.44640445709228516 279
0.4539508819580078 282
0.46222448348999023 284
0.47035789489746094 286
0.4797828197479248 287
0.48815226554870605 288
0.5001180171966553 288
0.5088531970977783 288
0.5169665813446045 287
0.5244662761688232 286
0.5337367057800293 284
0.542198657989502 283
0.5503542423248291 282
0.5590794086456299 280
0.5672214031219482 278
0.5746080875396729 276
0.5839166641235352 274
0.5922012329101562 272
0.6003496646881104 271
0.608933687210083 269
0.6170697212219238 268
0.6252045631408691 266
0.6339602470397949 265
0.6421997547149658 264
0.6503019332885742 263
0.658928632736206 262
0.6670246124267578 262
0.6745386123657227 261
0.6838829517364502 261
0.6921665668487549 260
0.7002012729644775 260
0.7084813117980957 260
0.7165324687957764 260
0.7239706516265869 260
0.7333087921142578 260
0.7416625022888184 261
0.7498185634613037 261
0.7578868865966797 261
0.7661941051483154 262
0.7736978530883789 262
0.7831017971038818 262
0.791215181350708 262
0.7996056079864502 262
0.8077037334442139 262
0.8160204887390137 262
0.8235001564025879 262
0.833270788192749 262
0.841480016708374 262
0.849595308303833 262
0.857675313949585 262
0.8661231994628906 262
0.8736355304718018 262
0.8829216957092285 262
0.8908617496490479 262
0.9034574031829834 262
0.9118196964263916 262
0.9201912879943848 262
0.9290094375610352 262
0.9379141330718994 262
0.9463002681732178 262
0.9537754058837891 262
0.9619855880737305 262
0.9700312614440918 262
0.9784548282623291 262
0.9874958992004395 262
0.9957766532897949 262
1.0033226013183594 262
1.0115025043487549 262
1.0196819305419922 262
1.027754545211792 262
1.0371084213256836 262
1.0451874732971191 262
1.0530855655670166 262
1.0614013671875 262
1.0695219039916992 262
1.0776455402374268 262
1.0869507789611816 262
1.0943942070007324 262
1.1029694080352783 262
1.1110625267028809 262
1.1193122863769531 262
1.1274209022521973 262
1.1363658905029297 262
1.1438417434692383 262
1.1520097255706787 262
1.1602706909179688 262
1.1688742637634277 262
1.17759370803833 262
1.1858725547790527 262
1.1944262981414795 262
1.202836036682129 262
1.210557222366333 262
1.2193059921264648 262
1.227449893951416 262
1.235316276550293 262
1.2439651489257812 262
1.252143144607544 262
1.2602126598358154 262
1.2684834003448486 262
1.2765486240386963 262
1.2842614650726318 262
1.2935616970062256 262
1.3061559200286865 262
1.313788652420044 262
1.3222293853759766 262
1.3304390907287598 262
1.339890718460083 262
1.348235845565796 262
1.3563072681427002 262
1.3637561798095703 262
1.3719813823699951 262
1.380056381225586 262
1.3883790969848633 262
1.3975307941436768 262
1.4059882164001465 262
1.4134583473205566 262
1.4216389656066895 262
1.429762601852417 262
1.4378514289855957 262
1.4471991062164307 262
1.455214023590088 262
1.463258981704712 262
1.471388339996338 262
1.4794950485229492 262
1.4876019954681396 262
1.4969289302825928 262
1.504267692565918 262
1.5124619007110596 262
1.5205528736114502 262
1.5291173458099365 262
1.5371923446655273 262
1.5462698936462402 262
1.5537445545196533 262
1.5619661808013916 262
1.5700366497039795 262
1.5785017013549805 262
1.5865490436553955 262
1.5958375930786133 262
1.6032860279083252 262
1.6114659309387207 262
1.619593620300293 262
1.627659559249878 262
1.6358814239501953 262
1.6444332599639893 262
1.6525981426239014 262
1.6605308055877686 262
1.6690716743469238 262
1.6771316528320312 262
1.6844687461853027 262
1.692836046218872 262
1.7063698768615723 262
1.7140264511108398 262
1.722489833831787 262
1.730546474456787 262
1.739168405532837 262
1.7482013702392578 262
1.7562532424926758 262
1.7638776302337646 262
1.772082805633545 262
1.7801690101623535 262
1.7884337902069092 262
1.79754638671875 262
1.8058598041534424 262
1.8132836818695068 262
1.8216497898101807 262
1.8297531604766846 262
1.8378314971923828 262
1.8462908267974854 262
1.8545434474945068 262
1.8629441261291504 262
1.8708491325378418 262
1.8793346881866455 262
1.8874480724334717 262
1.8953027725219727 262
1.9038958549499512 262
1.9121146202087402 262
1.9201886653900146 262
1.928471565246582 262
1.9365832805633545 262
1.944319725036621 262
1.9534544944763184 262
1.9616384506225586 262
1.9698941707611084 262
1.9783122539520264 262
1.9863483905792236 262
1.9938104152679443 262
2.00327205657959 262
2.01305890083313 262
2.0210607051849365 262
2.029304027557373 262
2.0374298095703125 262
2.045229434967041 262
2.053886651992798 262
2.062274217605591 262
2.0704092979431152 262
2.078960657119751 262
2.087033748626709 262
2.094341278076172 262
2.1078484058380127 262
2.116302490234375 262
2.1241519451141357 262
2.1325273513793945 262
2.1404786109924316 262
2.1490092277526855 262
2.1578891277313232 262
2.166179656982422 262
2.174485683441162 262
2.1830735206604004 262
2.1911585330963135 262
2.1994388103485107 262
2.208505153656006 262
2.216606855392456 262
2.224020004272461 262
2.2325282096862793 262
2.2408480644226074 262
2.249222993850708 262
2.2583491802215576 262
2.2664339542388916 262
2.2739059925079346 262
2.282175302505493 262
2.2902424335479736 262
2.298997163772583 262
2.3079285621643066 262
2.3162128925323486 262
2.32368803024292 262
2.33184552192688 262
2.339994430541992 262
2.3482446670532227 262
2.3573436737060547 262
2.365821599960327 262
2.3732690811157227 262
2.381436824798584 262
2.389564275741577 262
2.3976635932922363 262
2.4069364070892334 262
2.4142565727233887 262
2.422820806503296 262
2.4305922985076904 262
2.4391732215881348 262
2.4472274780273438 262
2.454563617706299 262
2.4637157917022705 262
2.47190260887146 262
2.480149745941162 262
2.488851308822632 262
2.4969401359558105 262
2.5097815990448 262
2.517915725708008 262
2.526371717453003 262
2.5339229106903076 262
2.5422937870025635 262
2.5503289699554443 262
2.5597422122955322 262
2.567833423614502 262
2.5761537551879883 262
2.5836470127105713 262
2.5918495655059814 262
2.6001346111297607 262
2.6093499660491943 262
2.617490291595459 262
2.6259002685546875 262
2.633354902267456 262
2.641633987426758 262
2.6497583389282227 262
2.657857894897461 262
2.667415142059326 262
2.6752777099609375 262
2.6831612586975098 262
2.6912381649017334 262
2.699479579925537 262
2.7075881958007812 262
2.7169482707977295 262
2.7244489192962646 262
2.7328341007232666 262
2.7405765056610107 262
2.749359607696533 262
2.7575032711029053 262
2.7668874263763428 262
2.774156332015991 262
2.7828516960144043 262
2.7905993461608887 262
2.7991695404052734 262
2.8073103427886963 262
2.8163814544677734 262
2.8238508701324463 262
2.8320624828338623 262
2.840301513671875 262
2.848588228225708 262
2.8568758964538574 262
2.8659939765930176 262
2.873455762863159 262
2.88185453414917 262
2.889958381652832 262
2.898468494415283 262
2.9103035926818848 262
2.9197933673858643 262
2.9278817176818848 262
2.936378240585327 262
2.943877935409546 262
2.9521048069000244 262
2.960322380065918 262
2.9697482585906982 262
2.977844476699829 262
2.986121416091919 262
2.9936463832855225 262
3.001880645751953 262
3.0101213455200195 262
3.019634246826172 262
3.0277223587036133 262
3.0360217094421387 262
3.043536901473999 262
3.0517141819000244 262
3.059823989868164 262
3.074431896209717 262
3.083090305328369 262
3.091165781021118 262
3.0993661880493164 262
3.1074602603912354 262
3.115755796432495 262
3.1240241527557373 262
3.132211208343506 262
3.140446901321411 261
3.1490674018859863 261
3.1571311950683594 261
3.1644790172576904 261
3.1745996475219727 260
3.1830685138702393 260
3.1910760402679443 260
3.199528455734253 260
3.2076125144958496 260
3.215895175933838 260
3.2242136001586914 260
3.232243537902832 260
3.24048113822937 260
3.248990535736084 260
3.257059097290039 260
3.264573335647583 260
3.2739157676696777 259
3.282184362411499 259
3.290308713912964 259
3.298621416091919 260
3.310910940170288 260
3.319511890411377 260
3.328967809677124 260
3.337048292160034 260
3.346148729324341 260
3.35363507270813 260
3.3617947101593018 260
3.369840621948242 260
3.3794095516204834 260
3.3874704837799072 260
3.3957066535949707 260
3.4034671783447266 260
3.4116475582122803 260
3.4197330474853516 260
3.4290146827697754 260
3.437037944793701 260
3.444549083709717 260
3.45290470123291 260
3.4606003761291504 260
3.4692091941833496 260
3.478327512741089 260
3.486370325088501 260
3.4937992095947266 260
3.502152442932129 260
3.5101826190948486 260
3.5184409618377686 260
3.5274994373321533 260
3.5358779430389404 260
3.5432982444763184 260
3.551419258117676 260
3.559671401977539 260
3.5677952766418457 260
3.5770797729492188 260
3.584409236907959 260
3.592611312866211 260
3.600539445877075 260
3.6090378761291504 260
3.6170506477355957 260
3.626319408416748 260
3.6337432861328125 260
3.641873598098755 260
3.649909019470215 260
3.6583778858184814 260
3.6664788722991943 260
3.673914909362793 260
3.683307647705078 260
3.6914215087890625 260
3.6995131969451904 260
3.7119603157043457 260
3.7201969623565674 260
3.729600667953491 260
3.7376887798309326 260
3.7460789680480957 260
3.753558874130249 260
3.7617344856262207 260
3.7698192596435547 260
3.779017925262451 260
3.7870430946350098 260
3.79453706741333 260
3.803102493286133 260
3.811070680618286 260
3.8192920684814453 260
3.827348232269287 260
3.8364078998565674 260
3.843843698501587 260
3.852006196975708 260
3.8602542877197266 260
3.868530511856079 260
3.8765358924865723 260
3.8859291076660156 260
3.893357753753662 260
3.901545286178589 260
3.909647226333618 260
3.917691469192505 260
3.9261720180511475 260
3.934553861618042 260
3.942925453186035 260
3.9505836963653564 260
3.9591150283813477 260
3.967219591140747 260
3.9745068550109863 260
3.983888626098633 260
3.9920647144317627 260
4.000118255615234 260
4.008365869522095 260
4.016403913497925 260
4.0238518714904785 260
4.033167123794556 260
4.0415449142456055 260
4.049777984619141 260
4.057808876037598 260
4.066040992736816 260
4.073507785797119 260
4.082521677017212 260
4.09046745300293 260
4.099159479141235 260
4.111021280288696 260
4.119378566741943 260
4.12746262550354 260
4.136930704116821 260
4.144198417663574 260
4.152240514755249 260
4.1604273319244385 260
4.168976545333862 260
4.177716016769409 260
4.187152862548828 260
4.194469690322876 260
4.202614784240723 260
4.210523843765259 260
4.219226598739624 260
4.2273108959198 260
4.236370086669922 260
4.2437615394592285 260
4.251950979232788 260
4.26000714302063 260
4.2681968212127686 260
4.276233434677124 260
4.283818244934082 260
4.292964696884155 260
4.300850868225098 260
4.309309959411621 260
4.31744384765625 260
4.325287818908691 260
4.333064317703247 260
4.342056751251221 260
4.350106954574585 260
4.358354568481445 260
4.366382122039795 260
4.373804569244385 260
4.381997108459473 260
4.391239404678345 260
4.399548530578613 260
4.407644987106323 260
4.415878534317017 260
4.423306226730347 260
4.431457042694092 260
4.440462589263916 260
4.448960304260254 260
4.457016706466675 260
4.46448540687561 260
4.472847938537598 260
4.48056435585022 260
4.489887952804565 260
4.49818754196167 260
4.509867191314697 260
4.5184173583984375 260
4.5265209674835205 260
4.534207582473755 260
4.543547868728638 260
4.551734924316406 260
4.5597944259643555 260
4.567825555801392 260
4.576247215270996 260
4.583873987197876 260
4.593245983123779 260
4.601382493972778 260
4.609463453292847 260
4.617550611495972 260
4.625767707824707 260
4.633186340332031 260
4.642498016357422 260
4.650429010391235 260
4.658936023712158 260
4.666941165924072 260
4.6742517948150635 260
4.682267665863037 260
4.690306663513184 260
4.699827194213867 260
4.707895994186401 260
4.716149568557739 260
4.723617076873779 260
4.731790781021118 260
4.739835262298584 260
4.749154567718506 260
4.757213354110718 260
4.765232801437378 260
4.773060321807861 260
4.781048059463501 260
4.789275169372559 260
4.798353672027588 260
4.806365966796875 260
4.8137366771698 260
4.8220672607421875 260
4.830244779586792 260
4.838513612747192 260
4.84760046005249 260
4.8558619022369385 260
4.863240718841553 260
4.871375799179077 260
4.879644155502319 260
4.887718200683594 260
4.897055149078369 260
4.904338836669922 260
4.916918516159058 260
4.924310207366943 260
4.932897090911865 260
4.9412522315979 260
4.950134515762329 260
4.958582639694214 260
4.966872215270996 260
4.974179744720459 260
4.98221755027771 260
4.9902260303497314 260
4.999711036682129 260
5.0077245235443115 260
5.016019821166992 260
5.023470163345337 260
5.031641483306885 260
5.0397584438323975 260
5.0489256381988525 260
5.056984186172485 260
5.06447172164917 260
5.074034214019775 260
5.08219313621521 260
5.090374708175659 260
5.099716663360596 260
5.107751846313477 260
5.116018295288086 260
5.123637676239014 260
5.131786823272705 260
5.139828443527222 260
5.147879362106323 260
5.15721321105957 260
5.171536445617676 260
5.179898262023926 260
5.188370943069458 260
5.197904109954834 260
5.208959579467773 260
5.217016220092773 260
5.225829362869263 260
5.233695030212402 260
5.243338584899902 260
5.253437757492065 260
5.261616230010986 260
5.272077560424805 260
5.280130863189697 260
5.288357973098755 260
5.2964088916778564 260
5.3040196895599365 260
5.316931962966919 260
5.326213598251343 260
5.333787679672241 260
5.342110633850098 260
5.350295782089233 260
5.358971357345581 260
5.367008924484253 260
5.37593674659729 260
5.38336968421936 260
5.391549587249756 260
5.399595260620117 260
5.407650709152222 260
5.415864706039429 260
5.424360752105713 260
5.432543754577637 260
5.440479755401611 260
5.448983430862427 260
5.457045555114746 260
5.464328050613403 260
5.473480939865112 260
5.481873989105225 260
5.489923477172852 260
5.498157978057861 260
5.5062243938446045 260
5.5136191844940186 260
5.521782159805298 260
5.530605316162109 260
5.539302110671997 260
5.547350645065308 260
5.554567337036133 260
5.562978029251099 260
5.570890665054321 260
5.579962491989136 260
5.588193416595459 260
5.596246957778931 260
5.603829622268677 260
5.612183332443237 260
5.620217561721802 260
5.629504442214966 260
5.637578725814819 260
5.645848989486694 260
5.653233766555786 260
5.661554336547852 260
5.66969108581543 260
5.6789398193359375 260
5.687009334564209 260
5.694259881973267 260
5.702258825302124 260
5.714217185974121 260
5.7228217124938965 260
5.731877088546753 260
5.740131616592407 260
5.748402118682861 260
5.756420373916626 260
5.763827800750732 260
5.772010087966919 260
5.781527042388916 260
5.78958797454834 260
5.7976319789886475 260
5.8130998611450195 260
5.821153402328491 260
5.8300721645355225 260
5.838520050048828 260
5.846544504165649 260
5.855869293212891 260
5.863306045532227 260
5.8716583251953125 260
5.88056206703186 260
5.889113187789917 260
5.897142171859741 260
5.904574632644653 260
5.912966251373291 260
5.920618772506714 260
5.929129362106323 260
5.9381654262542725 260
5.946194410324097 260
5.953652858734131 260
5.9619669914245605 260
5.970021963119507 260
5.978309154510498 260
5.987481117248535 260
5.995693206787109 260
6.003333330154419 260
6.011504650115967 260
6.019723176956177 260
6.027727842330933 260
6.037019491195679 260
6.044332504272461 260
6.052529335021973 260
6.06044340133667 260
6.0689287185668945 260
6.076966762542725 260
6.086174249649048 260
6.093626976013184 260
6.1018218994140625 260
6.11365818977356 260
6.121989965438843 260
6.130292654037476 260
6.13976526260376 260
6.147806167602539 260
6.156071424484253 260
6.163530588150024 260
6.171748161315918 260
6.187669038772583 260
6.195938587188721 260
6.203547954559326 260
6.211705923080444 260
6.219798803329468 260
6.2278735637664795 260
6.237029075622559 260
6.244326114654541 260
6.252542018890381 260
6.260898590087891 260
6.269182920455933 260
6.2772216796875 260
6.284549713134766 260
6.2936623096466064 260
6.301839828491211 260
6.309907674789429 260
6.3183019161224365 260
6.326408863067627 260
6.333861351013184 260
6.343161344528198 260
6.3512067794799805 260
6.359384298324585 260
6.367446660995483 260
6.375681161880493 260
6.383282661437988 260
6.392557859420776 260
6.400547742843628 260
6.409036874771118 260
6.4170520305633545 260
6.424356937408447 260
6.43254542350769 260
6.441915035247803 260
6.449970483779907 260
6.458214998245239 260
6.466243028640747 260
6.473637342453003 260
6.481790065765381 260
6.490901470184326 260
6.499363422393799 260
6.507455825805664 260
6.519843339920044 260
6.527904748916626 260
6.536315441131592 260
6.545767784118652 260
6.55321192741394 260
6.561482906341553 260
6.569553375244141 260
6.577681303024292 260
6.585896015167236 260
6.594162464141846 260
6.602192163467407 260
6.610238075256348 260
6.618861198425293 260
6.62687873840332 260
6.64754056930542 260
6.6563544273376465 260
6.663808584213257 260
6.676203727722168 260
6.6861162185668945 260
6.697043418884277 260
6.707060813903809 260
6.715687990188599 260
6.723115921020508 260
6.731198310852051 260
6.7395524978637695 260
6.749351501464844 260
6.7574567794799805 260
6.765692472457886 260
6.773131608963013 260
6.781447887420654 260
6.789534330368042 260
6.799013614654541 260
6.807049989700317 260
6.81438422203064 260
6.8225390911102295 260
6.830447435379028 260
6.838984251022339 260
6.847837209701538 260
6.856063604354858 260
6.863650798797607 260
6.871779680252075 260
6.879847526550293 260
6.887892484664917 260
6.897100448608398 260
6.904419660568237 260
6.9172585010528564 260
6.9257588386535645 260
6.933364629745483 260
6.941734790802002 260
6.950483798980713 260
6.959009170532227 260
6.967056512832642 260
6.974359750747681 260
6.982874870300293 260
6.9905641078948975 260
6.999936819076538 260
7.008192777633667 260
