0.01813340187072754 0
0.024521827697753906 0
0.030782222747802734 0
0.03598213195800781 1
0.04212641716003418 3
0.04774022102355957 4
0.053780555725097656 6
0.06002616882324219 8
0.06681537628173828 11
0.07289934158325195 14
0.07807707786560059 17
0.08412861824035645 20
0.09073281288146973 23
0.09604811668395996 27
0.1021113395690918 30
0.11188101768493652 37
0.11871147155761719 42
0.1249237060546875 45
0.13126444816589355 49
0.13698220252990723 53
0.14304804801940918 57
0.1485135555267334 61
0.15448403358459473 66
0.16083502769470215 70
0.16721510887145996 75
0.17329812049865723 79
0.17886924743652344 85
0.18492627143859863 89
0.19124794006347656 93
0.19679617881774902 98
0.20287775993347168 103
0.2080698013305664 107
0.21415948867797852 112
0.22147917747497559 119
0.22717928886413574 121
0.23328399658203125 127
0.2388749122619629 133
0.24495387077331543 136
0.25126051902770996 141
0.2568509578704834 146
0.26291990280151367 151
0.26953816413879395 157
0.27517223358154297 162
0.28148484230041504 167
0.2871081829071045 170
0.29320454597473145 175
0.2987093925476074 182
0.30489087104797363 185
0.3112201690673828 190
0.31682276725769043 197
0.32370853424072266 202
0.3300340175628662 207
0.3353309631347656 212
0.34152793884277344 217
0.34712672233581543 220
0.3533506393432617 225
0.35892152786254883 232
0.3650193214416504 235
0.37209224700927734 242
0.37769508361816406 247
0.3838038444519043 251
0.390120267868042 257
0.395493745803833 262
0.40291810035705566 267
0.4101603031158447 273
0.4169199466705322 277
0.4248642921447754 282
0.4320855140686035 285
0.4389069080352783 289
0.44608592987060547 291
0.4534938335418701 292
0.46094202995300293 293
0.4674506187438965 293
0.4757654666900635 293
0.48323559761047363 292
0.4906802177429199 291
0.4971776008605957 289
0.5044302940368652 284
0.5168294906616211 281
0.525012731552124 277
0.5321824550628662 273
0.5394957065582275 269
0.5467574596405029 265
0.5537796020507812 260
0.5600595474243164 257
0.5654287338256836 253
0.5727612972259521 250
0.5779509544372559 247
0.5840010643005371 245
0.5905497074127197 244
0.5957541465759277 243
0.6018228530883789 241
0.6075046062469482 241
0.6137120723724365 241
0.6199808120727539 242
0.6264939308166504 243
0.6327226161956787 244
0.6379032135009766 245
0.6439576148986816 247
0.6504926681518555 250
0.6557083129882812 252
0.6617922782897949 255
0.6675295829772949 258
0.674696683883667 261
0.6819396018981934 266
0.6887378692626953 270
0.6958961486816406 272
0.7033090591430664 274
0.7107830047607422 277
0.7172787189483643 277
0.7256879806518555 278
0.7330758571624756 278
0.7405033111572266 277
0.7471163272857666 277
0.7541069984436035 275
0.7615575790405273 272
0.7680506706237793 270
0.7766261100769043 266
0.7837984561920166 263
0.7912938594818115 259
0.7968552112579346 256
0.8029251098632812 253
0.8081338405609131 251
0.8145413398742676 249
0.8215813636779785 246
0.827965259552002 245
0.8340082168579102 244
0.8405461311340332 244
0.8459129333496094 244
0.8520939350128174 245
0.8576998710632324 245
0.8637888431549072 247
0.8700778484344482 249
0.8756394386291504 251
0.8828623294830322 253
0.8880796432495117 255
0.8941221237182617 258
0.9007360935211182 261
0.9116261005401611 267
0.9185652732849121 270
0.9258499145507812 273
0.9340770244598389 275
0.9416334629058838 276
0.948150634765625 277
0.9555587768554688 276
0.9631228446960449 276
0.9705896377563477 274
0.9771385192871094 272
0.9853200912475586 270
0.9928743839263916 267
1.0001206398010254 264
1.0069820880889893 261
1.013960361480713 257
1.0205323696136475 254
1.0258114337921143 252
1.0330572128295898 249
1.0385560989379883 247
1.0445661544799805 247
1.050900936126709 245
1.056096076965332 245
1.0621132850646973 245
1.067671537399292 245
1.0737810134887695 246
1.0810613632202148 247
1.0867865085601807 249
1.092871904373169 251
1.0980427265167236 253
1.1041467189788818 255
1.1107096672058105 258
1.1159040927886963 261
1.123267412185669 264
1.1313443183898926 269
1.1380364894866943 271
1.1456327438354492 273
1.1530890464782715 275
1.160527229309082 276
1.1670312881469727 276
1.1740128993988037 275
1.1826722621917725 275
1.189490795135498 273
1.1964645385742188 271
1.203784465789795 269
1.2112691402435303 266
1.2177674770355225 263
1.2250192165374756 260
1.2313475608825684 255
1.2377338409423828 253
1.243821144104004 251
1.2501132488250732 249
1.2554683685302734 247
1.2615981101989746 246
1.2673349380493164 245
1.27341628074646 245
1.2789733409881592 245
1.2858383655548096 246
1.291856050491333 247
1.297471523284912 249
1.3035385608673096 250
1.313525676727295 254
1.3190460205078125 257
1.325338363647461 259
1.331512212753296 262
1.3400633335113525 266
1.346775770187378 269
1.353794813156128 272
1.361302375793457 274
1.3677663803100586 276
1.3750102519989014 277
1.3821752071380615 277
1.3910014629364014 277
1.3976142406463623 277
1.404846429824829 275
1.4120368957519531 273
1.4188416004180908 271
1.4259777069091797 269
1.4333770275115967 267
1.4416263103485107 262
1.4485142230987549 259
1.454533576965332 256
1.4608404636383057 253
1.466031551361084 250
1.4720616340637207 248
1.4776191711425781 246
1.4837160110473633 245
1.4910593032836914 244
1.4965205192565918 243
1.5027971267700195 243
1.5079808235168457 244
1.5140295028686523 245
1.5205824375152588 246
1.5260419845581055 247
1.532099723815918 249
1.5387866497039795 252
1.5447461605072021 253
1.5511393547058105 256
1.5566916465759277 259
1.5639986991882324 263
1.571458339691162 267
1.5779473781585693 269
1.5853211879730225 272
1.5935900211334229 274
1.6010863780975342 275
1.6076200008392334 275
1.6149053573608398 275
1.6221067905426025 274
1.6290662288665771 273
1.6364238262176514 271
1.6446647644042969 269
1.6518969535827637 266
1.6588666439056396 263
1.6660141944885254 260
1.672076940536499 257
1.6776552200317383 254
1.6838371753692627 252
1.6912143230438232 250
1.6967790126800537 248
1.7028388977050781 247
1.7080135345458984 246
1.7178399562835693 247
1.7240097522735596 247
1.730515480041504 248
1.7358582019805908 249
1.7432069778442383 251
1.7487106323242188 253
1.75467848777771 255
1.7610275745391846 257
1.7665033340454102 260
1.7736666202545166 264
1.7811553478240967 267
1.787754774093628 270
1.7959699630737305 272
1.8035292625427246 273
1.8110361099243164 274
1.818676233291626 274
1.825852394104004 273
1.8332273960113525 272
1.8406908512115479 270
1.8479888439178467 268
1.8553311824798584 265
1.8632802963256836 263
1.8710975646972656 259
1.8766322135925293 256
1.8827264308929443 253
1.8878989219665527 251
1.8950068950653076 249
1.9013071060180664 247
1.906914472579956 247
1.913106918334961 246
1.918619155883789 245
1.9247188568115234 246
1.9310355186462402 246
1.9364650249481201 247
1.943277359008789 249
1.9488153457641602 251
1.9547865390777588 252
1.9610726833343506 254
1.9665250778198242 257
1.9726808071136475 259
1.9795238971710205 263
1.9867677688598633 266
1.994866132736206 269
2.0020620822906494 271
2.0112054347991943 272
2.0177223682403564 273
2.0249714851379395 273
2.0321521759033203 272
2.038942813873291 271
2.047429323196411 269
2.0546278953552246 267
2.0618138313293457 263
2.0686566829681396 260
2.0759222507476807 257
2.082007646560669 255
2.0875704288482666 252
2.0936572551727295 250
2.101055860519409 248
2.1067421436309814 247
2.117100477218628 246
2.1232593059539795 246
2.1287524700164795 247
2.1348185539245605 247
2.141164779663086 248
2.147557497024536 250
2.1536824703216553 252
2.1595747470855713 254
2.165443181991577 257
2.1716115474700928 259
2.177319288253784 261
2.184587001800537 265
2.1917929649353027 269
2.200042724609375 272
2.206991195678711 274
2.213968276977539 275
2.221437931060791 277
2.2280139923095703 277
2.2354676723480225 276
2.2428841590881348 275
2.251190423965454 273
2.2576851844787598 271
2.2649781703948975 269
2.2721736431121826 266
2.2790284156799316 263
2.2865114212036133 260
2.292722463607788 257
2.2990236282348633 253
2.3051137924194336 251
2.311450481414795 249
2.3169920444488525 247
2.323063611984253 246
2.3285586833953857 245
2.3345649242401123 245
2.340895414352417 245
2.3464674949645996 245
2.3534162044525146 247
2.35890531539917 248
2.36492919921875 249
2.3712430000305176 251
2.376798391342163 253
2.3828370571136475 255
2.394010543823242 261
2.402797222137451 265
2.410055160522461 269
2.4167778491973877 271
2.4237756729125977 274
2.431309461593628 275
2.4379048347473145 277
2.4451544284820557 277
2.4535346031188965 276
2.4610607624053955 275
2.4677417278289795 274
2.4749858379364014 272
2.4821412563323975 269
2.48899245262146 267
2.496080160140991 264
2.504488229751587 260
2.510773181915283 255
2.5208451747894287 252
2.5264880657196045 250
2.532755136489868 248
2.537933349609375 247
2.5440995693206787 246
2.550661087036133 246
2.557056188583374 246
2.563222885131836 246
2.5687153339385986 247
2.5746829509735107 247
2.5810437202453613 249
2.5867228507995605 251
2.592757225036621 253
2.5979232788085938 255
2.605052947998047 258
2.6113600730895996 261
2.617894411087036 265
2.6251509189605713 268
2.632699966430664 271
2.639521598815918 273
2.646796703338623 274
2.654773235321045 275
2.6619796752929688 275
2.668797254562378 275
2.6759512424468994 274
2.6833510398864746 273
2.6908438205718994 271
2.69746470451355 268
2.705728530883789 265
2.713094711303711 262
2.7206108570098877 258
2.7259302139282227 255
2.731971263885498 252
2.737563371658325 249
2.743683338165283 247
2.749591112136841 246
2.7564456462860107 245
2.7627556324005127 244
2.767911195755005 243
2.773982524871826 243
2.780521869659424 244
2.7856996059417725 245
2.7917985916137695 245
2.797417640686035 247
2.803494453430176 249
2.8108572959899902 251
2.8161537647247314 253
2.8234336376190186 257
2.8289334774017334 260
2.836094617843628 263
2.843500852584839 267
2.851017713546753 269
2.858628749847412 271
2.8658199310302734 273
2.8732447624206543 273
2.880685806274414 273
2.887319326400757 273
2.8945631980895996 273
2.901789665222168 271
2.910167932510376 269
2.9211935997009277 266
2.9278340339660645 263
2.9352974891662598 259
2.9415009021759033 256
2.9472832679748535 254
2.9534928798675537 251
2.9608755111694336 249
2.9660544395446777 248
2.972083806991577 247
2.9776408672332764 247
2.983771800994873 246
2.9900381565093994 247
2.9954352378845215 247
3.001512050628662 249
3.007206439971924 249
3.0140011310577393 251
3.020549774169922 254
3.025883674621582 256
3.031924247741699 259
3.0387675762176514 263
3.0459868907928467 265
3.053438663482666 268
3.061655282974243 270
3.068620443344116 272
3.0757553577423096 273
3.083205223083496 273
3.0906786918640137 272
3.09716796875 271
3.1041460037231445 270
3.112840414047241 268
3.1201367378234863 265
3.1269898414611816 263
3.133983850479126 259
3.1405105590820312 257
3.145723819732666 254
3.1517844200134277 252
3.157348155975342 251
3.1644461154937744 249
3.1707301139831543 248
3.1759321689605713 247
3.1819732189178467 247
3.1876790523529053 248
3.193754196166992 249
3.2000327110290527 250
3.2053167819976807 251
3.2115116119384766 253
3.217942953109741 255
3.223985195159912 257
3.2305150032043457 260
3.2370011806488037 263
3.244176149368286 267
3.251640796661377 269
3.25809383392334 271
3.266745090484619 272
3.273719549179077 273
3.281212091445923 273
3.287691593170166 272
3.2949347496032715 271
3.302142381668091 269
3.3091187477111816 267
3.3214454650878906 263
3.3280491828918457 260
3.334486722946167 257
3.3408377170562744 254
3.3464932441711426 252
3.3526813983917236 250
3.357849359512329 249
3.3640427589416504 248
3.3714425563812256 247
3.37699556350708 247
3.3830716609954834 247
3.388566493988037 248
3.394592523574829 249
3.40090012550354 250
3.4061076641082764 251
3.412109136581421 253
3.418799638748169 256
3.4248805046081543 258
3.43121600151062 261
3.4376840591430664 265
3.4449172019958496 267
3.452120304107666 270
3.458930253982544 272
3.4660682678222656 273
3.474557876586914 274
3.4818034172058105 274
3.4887115955352783 273
3.4958841800689697 272
3.5032501220703125 271
3.5107100009918213 269
3.517183303833008 267
3.5250675678253174 263
3.5326855182647705 260
3.5378801822662354 257
3.5440666675567627 254
3.5506274700164795 252
3.5558178424835205 250
3.561943292617798 249
3.567626953125 247
3.5746688842773438 247
3.581003189086914 247
3.586458206176758 247
3.592656135559082 247
3.597835063934326 248
3.604024648666382 250
3.6105265617370605 251
3.6157138347625732 253
3.62294340133667 255
3.6280949115753174 258
3.634138584136963 261
3.641592264175415 265
3.648075580596924 267
3.655505657196045 271
3.663186550140381 272
3.670684576034546 274
3.6779563426971436 275
3.685392379760742 275
3.692833423614502 275
3.699998378753662 274
3.706740617752075 273
3.713738203048706 271
3.7260704040527344 267
3.73367977142334 263
3.741157293319702 261
3.7477593421936035 257
3.753903388977051 254
3.760188341140747 251
3.765637159347534 249
3.7717018127441406 247
3.778118133544922 246
3.784524917602539 245
3.7908217906951904 245
3.7960288524627686 245
3.8020498752593994 245
3.813347339630127 246
3.821173667907715 248
3.827610969543457 250
3.8331778049468994 252
3.839332103729248 254
3.8479230403900146 259
3.8539936542510986 261
3.8614912033081055 265
3.8699100017547607 269
3.876722574234009 271
3.8837356567382812 274
3.8921799659729004 275
3.901475191116333 277
3.9100122451782227 277
3.9181175231933594 275
3.9255177974700928 274
3.9329729080200195 273
3.9404537677764893 270
3.9469470977783203 268
3.9539296627044678 265
3.9614415168762207 261
3.9696121215820312 257
3.975393772125244 254
3.981619358062744 251
3.9871625900268555 250
3.9933416843414307 248
3.9989707469940186 246
4.004904508590698 245
4.011221170425415 245
4.016803503036499 245
4.023797512054443 245
4.030133962631226 246
4.035463333129883 247
4.041585922241211 248
4.047162055969238 249
4.053231239318848 251
4.058704614639282 254
4.0646233558654785 256
4.0716872215271 260
4.078182697296143 263
4.085728883743286 266
4.093164920806885 269
4.100618362426758 271
4.107118129730225 272
4.114095449447632 273
4.12677001953125 273
4.133896112442017 272
4.1413414478302 271
4.1480255126953125 269
4.1554577350616455 267
4.162885904312134 264
4.171130180358887 261
4.177630186080933 257
4.183745622634888 254
4.190025091171265 252
4.195339918136597 250
4.201495409011841 248
4.207188844680786 247
4.213271379470825 247
4.218814849853516 246
4.225816011428833 246
4.231802225112915 247
4.237335920333862 247
4.243424415588379 249
4.248929023742676 251
4.254991292953491 252
4.261277437210083 254
4.2669501304626465 256
4.2738354206085205 260
4.28136420249939 263
4.287848949432373 267
4.295058012008667 269
4.302618980407715 271
4.309083700180054 273
4.316421031951904 273
4.324732542037964 273
4.331938743591309 273
4.338704347610474 271
4.3458685874938965 270
4.353272199630737 269
4.360731363296509 266
4.367201089859009 263
4.376134395599365 259
4.382183790206909 256
4.3879005908966064 253
4.3956873416900635 250
4.4017555713653564 249
4.40734076499939 247
4.413410186767578 246
4.418891668319702 246
4.4259045124053955 246
4.431991338729858 246
4.437575340270996 247
4.443763971328735 247
4.450071811676025 249
4.455397367477417 251
4.461498975753784 253
4.46712064743042 254
4.473223686218262 257
4.480602741241455 260
4.487122058868408 263
4.494120836257935 267
4.501629590988159 269
4.508523464202881 271
4.515797853469849 273
4.528070449829102 274
4.535642623901367 273
4.543151378631592 273
4.550605535507202 272
4.557227373123169 270
4.5645551681518555 268
4.571782827377319 265
4.580018997192383 262
4.586833238601685 259
4.592882394790649 256
4.5980730056762695 253
4.604106426239014 251
4.6106483936309814 249
4.615855693817139 247
4.621901750564575 246
4.628725051879883 245
4.634691953659058 245
4.641040563583374 245
4.646711587905884 246
4.652747869491577 247
4.657915830612183 248
4.663973808288574 249
4.670468091964722 251
4.675632953643799 254
4.682987451553345 257
4.688509702682495 259
4.695686101913452 263
4.703043460845947 266
4.710478782653809 269
4.716973543167114 270
4.7239670753479 272
4.732011556625366 273
4.738857984542847 273
4.74606466293335 272
4.753465175628662 271
4.76089882850647 270
4.767424583435059 268
4.774724245071411 266
4.783069372177124 263
4.790639162063599 259
4.79586124420166 256
4.801913499832153 253
4.8076066970825195 251
4.813861131668091 249
4.821150541305542 248
4.826644420623779 247
4.833530426025391 247
4.839048147201538 247
4.845011949539185 247
4.851312637329102 247
4.8568713665008545 249
4.863003492355347 250
4.874167203903198 254
4.880719423294067 256
4.887087821960449 259
4.893152475357056 261
4.9006476402282715 265
4.907344579696655 268
4.91455602645874 271
4.925655841827393 275
4.933799743652344 275
4.941320180892944 276
4.947904825210571 276
4.955443620681763 275
4.9628705978393555 274
4.970124959945679 272
4.976870536804199 271
4.985090017318726 268
4.99264121055603 264
4.999523401260376 261
5.006811618804932 258
5.012906789779663 255
5.018083810806274 252
5.024125337600708 250
5.030656099319458 248
5.037190675735474 247
5.043364763259888 246
5.048877954483032 245
5.054891109466553 245
5.061193227767944 245
5.066760063171387 246
5.0728440284729 247
5.078010559082031 249
5.084081172943115 251
5.091507434844971 253
5.0970618724823 255
5.103270530700684 258
5.10876989364624 261
5.115967035293579 265
5.1234166622161865 268
5.130909204483032 271
5.138157844543457 273
5.145555734634399 275
5.153019428253174 275
5.160522699356079 275
5.167166709899902 275
5.174159288406372 274
5.181594371795654 273
5.189600467681885 270
5.1967480182647705 268
5.203777074813843 265
5.211273908615112 263
5.217740297317505 259
5.223963499069214 255
5.230477333068848 253
5.235646963119507 250
5.2428648471832275 248
5.248033285140991 247
5.2541282176971436 245
5.260738849639893 244
5.265927076339722 244
5.271975517272949 244
5.277557134628296 245
5.283757209777832 245
5.291113615036011 247
5.296785831451416 248
5.302836656570435 250
5.308006525039673 252
5.31406831741333 255
5.320627450942993 258
5.332083702087402 263
5.340747117996216 267
5.347476243972778 270
5.354832410812378 271
5.362042427062988 273
5.368952035903931 274
5.376094102859497 274
5.3834569454193115 273
5.391584157943726 273
5.398061990737915 271
5.4056267738342285 269
5.413015842437744 267
5.420469760894775 264
5.427071809768677 261
5.434120416641235 257
5.441663980484009 253
5.4473161697387695 252
5.453403472900391 249
5.458891153335571 247
5.464941501617432 246
5.471254110336304 245
5.476832389831543 245
5.48287558555603 245
5.4880311489105225 245
5.495180130004883 245
5.5014636516571045 246
5.507008075714111 247
5.513092517852783 249
5.518568277359009 251
5.524651288986206 253
5.530944347381592 255
5.536184072494507 257
5.5434041023254395 261
5.550925970077515 265
5.5575642585754395 268
5.564857006072998 271
5.572079658508301 273
5.578894853591919 275
5.586143970489502 275
5.594630718231201 276
5.60189151763916 275
5.608685255050659 275
5.615864992141724 273
5.62325644493103 271
5.630694389343262 269
5.637167930603027 267
5.6455230712890625 263
5.652966260910034 260
5.658175230026245 257
5.6644675731658936 254
5.670743465423584 251
5.675924062728882 249
5.6819446086883545 247
5.687645673751831 247
5.693711042404175 246
5.700930118560791 245
5.706508159637451 245
5.71265983581543 246
5.71781587600708 247
5.728055477142334 249
5.734641075134277 251
5.740933895111084 253
5.747460842132568 256
5.753682374954224 259
5.759575843811035 261
5.766841650009155 265
5.773824214935303 269
5.7812793254852295 271
5.787815093994141 273
5.795045852661133 275
5.803424835205078 276
5.810880661010742 276
5.818674087524414 275
5.825928211212158 275
5.833332300186157 273
5.8408262729644775 271
5.848044157028198 269
5.855456590652466 265
5.862866401672363 263
5.870065927505493 259
5.875407457351685 256
5.881544351577759 253
5.887235879898071 251
5.8932929039001465 249
5.900683641433716 247
5.905858516693115 246
5.911919593811035 245
5.917483568191528 245
5.923588037490845 245
5.9291090965271 246
5.9350316524505615 247
5.941330432891846 247
5.947053909301758 250
5.953915596008301 252
5.960452079772949 254
5.965660095214844 257
5.9717020988464355 259
5.977332353591919 261
5.984566688537598 265
5.991775989532471 269
5.998535394668579 272
6.006969690322876 274
6.013966083526611 275
6.021435499191284 277
6.027914524078369 277
6.035173654556274 276
6.042815446853638 275
6.050029277801514 274
6.057448387145996 272
6.064759254455566 270
6.071974277496338 267
6.078967094421387 263
6.086067199707031 261
6.092090368270874 257
6.0976622104644775 254
6.104835033416748 252
6.111140251159668 250
6.116693496704102 248
6.1250159740448 247
6.139004468917847 246
6.145066976547241 246
6.151368618011475 247
6.157823324203491 248
6.16389536857605 249
6.170172214508057 251
6.175560474395752 253
6.181663990020752 255
6.187340259552002 257
6.19346284866333 261
6.200952529907227 264
6.208526134490967 267
6.215651750564575 270
6.223071336746216 272
6.230525970458984 273
6.237022876739502 274
6.244081497192383 274
6.251556634902954 273
6.259610176086426 272
6.266629219055176 271
6.2736656665802 269
6.281123638153076 267
6.287628650665283 263
6.29485821723938 261
6.30206561088562 257
6.308941125869751 253
6.3148603439331055 251
6.321199417114258 249
6.326730251312256 247
6.332872152328491 246
6.338029146194458 245
6.3440680503845215 245
6.35059928894043 245
6.356987237930298 245
6.363200664520264 246
6.368684530258179 247
6.374647855758667 248
6.380961179733276 250
6.386421203613281 252
6.392610788345337 255
6.397798776626587 257
6.4038519859313965 260
6.412154197692871 264
6.418986082077026 267
6.4264702796936035 270
6.4336137771606445 272
6.441069602966309 273
6.447650909423828 275
6.454880475997925 275
6.463442087173462 275
6.470876455307007 274
6.477360010147095 273
6.484678506851196 271
6.491900682449341 269
6.498687028884888 266
6.5058228969573975 263
6.513997554779053 259
6.520535945892334 257
6.52569842338562 254
6.535910606384277 250
6.541932106018066 249
6.547696113586426 247
6.553886890411377 247
6.561215162277222 246
6.56687331199646 246
6.572879314422607 247
6.578035593032837 247
6.584078311920166 249
6.590633153915405 250
6.595973491668701 252
6.60201358795166 255
6.607686758041382 258
6.614603757858276 259
6.621831893920898 263
6.628642797470093 267
6.635876417160034 269
6.643272876739502 271
6.650727987289429 272
6.657209634780884 273
6.6655354499816895 273
6.67296838760376 273
6.680191993713379 272
6.686896562576294 271
6.693943977355957 269
6.701385736465454 267
6.7078962326049805 264
6.716463088989258 261
6.723757982254028 257
6.7301647663116455 254
6.735527276992798 252
6.741628408432007 250
6.7471818923950195 249
6.753258943557739 247
6.758763551712036 247
6.765828371047974 246
6.771862745285034 246
6.777448654174805 247
6.7836339473724365 247
6.7894861698150635 249
6.79506516456604 250
6.80134391784668 252
6.806907653808594 254
6.813880920410156 257
6.821210145950317 260
6.827718257904053 264
6.834919214248657 267
6.842092752456665 269
6.84903883934021 271
6.856549501419067 273
6.864722490310669 273
6.873534679412842 274
6.881823301315308 273
6.88865065574646 272
6.895877361297607 271
6.903465747833252 268
6.910945415496826 266
6.91858172416687 262
6.9257118701934814 259
6.936038017272949 254
6.942099332809448 251
6.9477574825286865 249
6.9539806842803955 247
6.960524797439575 245
6.967158317565918 244
6.973271608352661 243
6.97874641418457 243
6.9848644733428955 243
6.991182565689087 243
6.996719598770142 244
7.002758264541626 245
